0	541
1	542
2	543
3	543
4	544
5	545
6	546
7	545
8	545
9	544
10	544
11	545
12	545
13	544
14	543
15	543
16	542
17	542
18	541
19	541
20	540
21	541
22	540
23	541
24	540
25	541
26	541
27	541
28	541
29	541
30	542
31	542
32	542
33	541
34	541
35	540
36	540
37	539
38	538
39	539
40	539
41	539
42	539
43	540
44	540
45	541
46	540
47	540
48	539
49	539
50	538
51	537
52	537
53	537
54	536
55	536
56	537
57	537
58	536
59	536
60	536
61	537
62	536
63	535
64	535
65	535
66	535
67	535
68	535
69	534
70	534
71	533
72	533
73	533
74	533
75	531
76	531
77	531
78	530
79	530
80	529
81	528
82	527
83	526
84	526
85	525
86	525
87	524
88	524
89	523
90	522
91	521
92	520
93	519
94	518
95	517
96	516
97	515
98	513
99	512
100	510
101	509
102	508
103	508
104	506
105	505
106	504
107	504
108	504
109	504
110	505
111	505
112	507
113	508
114	509
115	511
116	512
117	513
118	514
119	516
120	518
121	519
122	521
123	521
124	523
125	524
126	525
127	526
128	527
129	527
130	527
131	528
132	528
133	528
134	528
135	528
136	528
137	528
138	529
139	528
140	528
141	529
142	528
143	528
144	528
145	528
146	528
147	528
148	528
149	528
150	528
151	528
152	528
153	529
154	529
155	529
156	529
157	529
158	530
159	529
160	529
161	529
162	529
163	530
164	529
165	530
166	530
167	530
168	530
169	530
170	530
171	530
172	530
173	530
174	530
175	529
176	530
177	530
178	530
179	530
180	531
181	531
182	531
183	530
184	530
185	530
186	531
187	531
188	531
189	531
190	531
191	531
192	531
193	530
194	531
195	531
196	531
197	532
198	532
199	532
200	533
201	532
202	532
203	532
204	532
205	532
206	531
207	532
208	532
209	532
210	532
211	533
212	533
213	533
214	533
215	534
216	534
217	534
218	534
219	535
220	535
221	536
222	535
223	535
224	536
225	536
226	536
227	535
228	534
229	534
230	535
231	535
232	535
233	536
234	536
235	536
236	536
237	536
238	537
239	537
240	538
241	537
242	537
243	537
244	537
245	537
246	536
247	536
248	536
249	537
250	537
251	537
252	537
253	537
254	536
255	536
256	538
257	537
258	535
259	536
260	536
261	536
262	536
263	536
264	535
265	536
266	536
267	536
268	535
269	535
270	534
271	534
272	535
273	535
274	535
275	536
276	535
277	535
278	535
279	534
280	535
281	535
282	535
283	535
284	535
285	535
286	535
287	535
288	535
289	535
290	535
291	535
292	535
293	535
294	535
295	536
296	537
297	537
298	537
299	537
300	537
301	537
302	537
303	538
304	538
305	539
306	538
307	538
308	539
309	538
310	538
311	538
312	538
313	538
314	538
315	538
316	538
317	539
318	538
319	539
320	538
321	538
322	537
323	537
324	537
325	537
326	537
327	538
328	537
329	539
330	539
331	537
332	537
333	536
334	537
335	537
336	536
337	536
338	537
339	537
340	537
341	536
342	535
343	536
344	535
345	535
346	535
347	534
348	534
349	534
350	534
351	534
352	535
353	533
354	533
355	533
356	533
357	533
358	532
359	531
360	531
361	530
362	530
363	530
364	530
365	529
366	529
367	529
368	528
369	529
370	527
371	526
372	526
373	526
374	525
375	525
376	525
377	524
378	524
379	524
380	523
381	522
382	521
383	519
384	519
385	519
386	518
387	516
388	514
389	512
390	509
391	507
392	506
393	502
394	500
395	496
396	495
397	493
398	489
399	487
400	486
401	485
402	483
403	484
404	484
405	484
406	485
407	486
408	489
409	492
410	495
411	500
412	501
413	503
414	504
415	506
416	508
417	511
418	513
419	515
420	518
421	521
422	522
423	525
424	526
425	526
426	527
427	528
428	529
429	530
430	532
431	533
432	533
433	534
434	533
435	532
436	532
437	533
438	532
439	533
440	533
441	533
442	533
443	532
444	532
445	531
446	531
447	531
448	531
449	530
450	532
451	532
452	532
453	531
454	531
455	533
456	532
457	532
458	532
459	532
460	532
461	532
462	532
463	532
464	532
465	532
466	531
467	531
468	531
469	531
470	531
471	531
472	531
473	531
474	532
475	532
476	531
477	531
478	531
479	531
480	531
481	532
482	532
483	532
484	532
485	532
486	532
487	533
488	533
489	533
490	533
491	532
492	532
493	532
494	531
495	532
496	531
497	531
498	531
499	531
500	531
501	531
502	531
503	532
504	531
505	531
506	531
507	531
508	531
509	531
510	532
511	532
512	532
513	531
514	531
515	531
516	531
517	532
518	531
519	531
520	531
521	532
522	532
523	531
524	531
525	531
526	530
527	531
528	531
529	531
530	531
531	532
532	532
533	532
534	531
535	531
536	531
537	532
538	531
539	531
540	531
541	531
542	531
543	531
544	531
545	531
546	530
547	531
548	532
549	530
550	530
551	530
552	531
553	530
554	531
555	530
556	530
557	531
558	530
559	530
560	530
561	530
562	529
563	531
564	531
565	531
566	531
567	531
568	531
569	532
570	531
571	531
572	530
573	530
574	531
575	531
576	531
577	531
578	531
579	531
580	531
581	530
582	530
583	529
584	530
585	530
586	530
587	530
588	531
589	532
590	530
591	531
592	530
593	531
594	530
595	530
596	530
597	531
598	531
599	532
600	531
601	530
602	531
603	530
604	530
605	530
606	530
607	532
608	531
609	531
610	531
611	531
612	531
613	531
614	531
615	530
616	530
617	530
618	530
619	530
620	531
621	531
622	532
623	531
624	530
625	530
626	530
627	530
628	530
629	530
630	531
631	531
632	532
633	531
634	531
635	531
636	530
637	530
638	530
639	531
640	531
641	531
642	531
643	531
644	531
645	531
646	530
647	531
648	532
649	531
650	531
651	531
652	531
653	532
654	532
655	532
656	532
657	531
658	531
659	530
660	531
661	531
662	532
663	532
664	532
665	531
666	531
667	530
668	531
669	530
670	531
671	531
672	531
673	531
674	531
675	531
676	531
677	530
678	530
679	530
680	530
681	530
682	530
683	530
684	529
685	530
686	529
687	528
688	529
689	529
690	528
691	529
692	529
693	530
694	529
695	528
696	528
697	529
698	528
699	527
700	527
701	526
702	526
703	526
704	526
705	527
706	526
707	527
708	526
709	525
710	525
711	524
712	523
713	522
714	522
715	522
716	521
717	521
718	519
719	519
720	517
721	516
722	514
723	514
724	514
725	515
726	515
727	514
728	514
729	515
730	515
731	515
732	515
733	514
734	514
735	516
736	517
737	518
738	518
739	520
740	521
741	522
742	522
743	523
744	523
745	524
746	524
747	525
748	525
749	527
750	528
751	529
752	529
753	528
754	528
755	528
756	529
757	529
758	528
759	529
760	530
761	530
762	531
763	529
764	529
765	529
766	529
767	530
768	530
769	529
770	529
771	529
772	529
773	530
774	530
775	529
776	529
777	529
778	529
779	529
780	529
781	529
782	529
783	530
784	529
785	528
786	528
787	528
788	527
789	528
790	528
791	528
792	528
793	528
794	528
795	528
796	528
797	527
798	527
799	527
800	527
801	527
802	527
803	527
804	527
805	527
806	527
807	527
808	527
809	527
810	527
811	527
812	527
813	527
814	527
815	527
816	527
817	527
818	527
819	527
820	527
821	526
822	527
823	526
824	527
825	527
826	527
827	527
828	527
829	527
830	527
831	527
832	527
833	527
834	527
835	527
836	527
837	529
838	528
839	528
840	528
841	528
842	527
843	528
844	528
845	528
846	527
847	528
848	528
849	528
850	528
851	527
852	527
853	527
854	527
855	527
856	527
857	527
858	527
859	528
860	528
861	528
862	528
863	528
864	528
865	529
866	529
867	529
868	529
869	529
870	529
871	529
872	529
873	528
874	528
875	527
876	528
877	528
878	528
879	528
880	529
881	528
882	528
883	528
884	529
885	528
886	528
887	528
888	529
889	529
890	529
891	529
892	529
893	529
894	529
895	530
896	529
897	530
