3	0
5	0
7	0
9	0
11	0
13	0
15	0
17	0
19	0
21	0
23	0
25	0
27	0
29	0
31	0
33	0
35	0
37	0
39	0
41	0
43	0
45	0
47	0
49	0
51	0
53	0
55	0
57	0
59	0
61	0
63	0
65	0
67	0
69	0
71	0
73	0
75	0
77	0
79	0
81	0
83	0
85	0
87	0
89	0
99	0
101	0
103	0
105	0
107	0
109	0
111	0
113	0
115	0
117	0
119	0
121	0
123	0
125	0
127	0
129	0
132	0
135	0
138	0
140	0
142	0
144	0
146	0
148	0
150	0
152	0
154	0
156	0
158	0
160	0
162	0
164	0
166	0
168	0
170	0
172	0
174	0
183	0
185	0
187	0
189	0
191	0
193	0
195	0
197	0
199	0
201	0
203	0
205	0
207	0
209	0
211	0
213	0
215	0
217	0
219	0
221	0
223	0
225	0
227	0
229	0
231	0
233	0
235	0
237	0
239	0
241	0
243	0
245	0
247	0
249	0
251	0
253	0
263	0
265	0
267	0
269	0
271	0
273	0
275	0
277	0
279	0
281	0
283	0
285	0
287	0
289	0
291	0
293	0
295	0
297	0
299	0
301	0
303	0
305	0
307	0
309	0
311	0
313	0
315	0
317	0
319	0
321	0
323	0
325	0
327	0
329	0
331	0
333	0
335	0
345	0
347	0
349	0
351	0
353	0
355	0
357	0
359	0
361	0
363	0
365	0
367	0
369	0
371	0
373	0
375	0
377	0
379	0
381	0
383	0
385	0
387	0
389	0
391	0
393	0
395	0
397	0
399	0
401	0
403	0
405	0
407	0
409	0
411	0
413	0
415	0
425	0
427	0
429	0
431	0
433	0
435	0
437	0
439	0
441	0
443	0
445	0
447	0
449	0
451	0
453	0
455	0
457	0
459	0
461	0
463	0
465	0
467	0
469	0
471	0
473	0
475	0
477	0
479	0
481	0
483	0
485	0
487	0
489	0
491	0
493	0
495	0
497	0
507	0
509	0
511	0
513	0
515	0
517	0
519	0
521	0
523	0
525	0
527	0
529	0
531	0
533	0
535	0
537	0
539	0
541	0
543	0
545	0
547	0
549	0
551	0
553	0
555	0
557	0
559	0
561	0
563	0
565	0
567	0
569	0
571	0
573	0
575	0
577	0
587	0
589	0
591	0
593	0
595	0
597	0
599	0
601	0
603	0
605	0
607	0
609	0
611	0
613	0
615	0
617	0
619	0
621	0
623	0
625	0
627	0
629	0
631	0
633	0
635	0
637	0
639	0
641	0
643	0
645	0
647	0
649	0
651	0
653	0
655	0
657	0
659	0
669	0
671	0
673	0
675	0
677	0
679	0
681	0
683	0
685	0
687	0
689	0
691	0
693	0
695	0
697	0
699	0
701	0
703	0
705	0
707	0
709	0
711	0
713	0
715	0
717	0
719	0
721	0
723	0
725	0
727	0
729	0
731	0
733	0
735	0
737	0
739	0
741	0
750	0
752	0
754	0
756	0
758	0
760	0
762	0
764	0
766	0
768	0
770	0
772	0
774	0
776	0
778	0
780	0
782	0
784	0
786	0
788	0
790	0
792	0
794	0
796	0
798	0
800	0
802	0
804	0
806	0
808	0
810	0
812	0
814	0
816	0
818	0
820	0
830	0
832	0
834	0
836	0
839	0
842	0
845	0
848	0
851	0
854	0
857	0
859	0
861	0
863	0
865	0
867	0
869	0
871	0
873	0
875	0
877	0
879	0
881	0
883	0
885	0
887	0
889	0
891	0
893	0
895	0
897	0
899	0
901	0
903	0
905	0
907	0
909	0
919	0
921	0
923	0
925	0
927	0
929	0
931	0
933	0
935	0
937	0
939	0
941	0
943	0
945	0
947	0
949	0
951	0
953	0
955	0
957	0
959	0
961	0
963	0
965	0
967	0
969	0
971	0
973	0
975	0
977	0
979	0
981	0
983	0
985	0
987	0
989	0
999	0
1001	0
1003	0
1005	0
1007	0
1009	0
1011	0
1013	0
1015	0
1017	0
1019	0
1021	0
1023	0
1025	0
1027	0
1029	0
1031	0
1033	0
1035	0
1037	0
1039	0
1041	0
1043	0
1045	0
1047	0
1049	0
1051	0
1053	0
1055	0
1057	0
1059	0
1061	0
1071	0
1073	0
1075	0
1077	0
1079	0
1081	0
1083	0
1085	0
1087	0
1089	0
1091	0
1093	0
1095	0
1097	0
1099	0
1101	0
1103	0
1105	0
1107	0
1109	0
1111	0
1113	0
1115	0
1117	0
1119	0
1121	0
1123	0
1125	0
1127	0
1129	0
1131	0
1133	0
1143	0
1145	0
1147	0
1149	0
1151	0
1153	0
1155	0
1157	0
1159	0
1161	0
1163	0
1165	0
1167	0
1169	0
1171	0
1173	0
1175	0
1177	0
1179	0
1181	0
1183	0
1185	0
1187	0
1189	0
1191	0
1193	0
1195	0
1197	0
1199	0
1201	0
1203	0
1205	0
1215	0
1217	0
1219	0
1221	0
1223	0
1225	0
1227	0
1229	0
1231	0
1233	0
1235	0
1237	0
1239	0
1241	0
1243	0
1245	0
1247	0
1249	0
1251	0
1253	0
1255	0
1257	0
1259	0
1261	0
1263	0
1265	0
1267	0
1269	0
1271	0
1273	0
1275	0
1277	0
1287	0
1289	0
1291	0
1293	0
1295	0
1297	0
1299	0
1301	0
1303	0
1305	0
1307	0
1309	0
1311	0
1313	0
1315	0
1317	0
1319	0
1321	0
1323	0
1325	0
1327	0
1329	0
1331	0
1333	0
1335	0
1337	0
1339	0
1341	0
1343	0
1345	0
1347	0
1349	0
1359	0
1361	0
1363	0
1365	0
1367	0
1369	0
1371	0
1373	0
1375	0
1377	0
1379	0
1381	0
1383	0
1385	0
1387	0
1389	0
1391	0
1393	0
1395	0
1397	0
1399	0
1401	0
1403	0
1405	0
1407	0
1409	0
1411	0
1413	0
1415	0
1417	0
1419	0
1421	0
1431	0
1433	0
1435	0
1437	0
1439	0
1441	0
1443	0
1445	0
1447	0
1449	0
1451	0
1453	0
1455	0
1457	0
1459	0
1461	0
1463	0
1465	0
1467	0
1469	0
1471	0
1473	0
1475	0
1477	0
1479	0
1481	0
1483	0
1485	0
1487	0
1489	0
1491	0
1493	0
1503	0
1505	0
1507	0
1509	0
1511	0
1513	0
1515	0
1517	0
1519	0
1521	0
1523	0
1525	0
1527	0
1529	0
1531	0
1533	0
1535	0
1537	0
1539	0
1541	0
1543	0
1545	0
1547	0
1549	0
1551	0
1553	0
1555	0
1557	0
1559	0
1561	0
1563	0
1565	0
1575	0
1577	0
1579	0
1581	0
1583	0
1585	0
1587	0
1589	0
1591	0
1593	0
1595	0
1598	0
1601	0
1604	0
1607	0
1610	0
1613	0
1616	0
1619	0
1621	0
1623	0
1625	0
1627	0
1629	0
1631	0
1633	0
1635	0
1637	0
1639	0
1641	0
1643	0
1645	0
1655	0
1657	0
1659	0
1661	0
1663	0
1665	0
1667	0
1669	0
1671	0
1673	0
1675	0
1677	0
1679	0
1681	0
1683	0
1685	0
1687	0
1689	0
1691	0
1693	0
1695	0
1697	0
1699	0
1701	0
1703	0
1705	0
1707	0
1709	0
1711	0
1713	0
1715	0
1717	0
1727	0
1729	0
1731	0
1733	0
1735	0
1737	0
1739	0
1741	0
1743	0
1745	0
1747	0
1749	0
1751	0
1753	0
1755	0
1757	0
1759	0
1761	0
1763	0
1765	0
1767	0
1769	0
1771	0
1773	0
1775	0
1777	0
1779	0
1781	0
1783	0
1785	0
1787	0
1789	0
1799	0
1801	0
1803	0
1805	0
1807	0
1809	0
1811	0
1813	0
1815	0
1817	0
1819	0
1821	0
1823	0
1825	0
1827	0
1829	0
1831	0
1833	0
1835	0
1837	0
1839	0
1841	0
1843	0
1845	0
1847	0
1849	0
1851	0
1853	0
1855	0
1857	0
1859	0
1861	0
1871	0
1873	0
1875	0
1877	0
1879	0
1881	0
1883	0
1885	0
1887	0
1889	0
1891	0
1893	0
1895	0
1897	0
1899	0
1901	0
1903	0
1905	0
1907	0
1909	0
1911	0
1913	0
1915	0
1917	0
1919	0
1921	0
1923	0
1925	0
1927	0
1929	0
1931	0
1933	0
1943	0
1945	0
1947	0
1949	0
1951	0
1953	0
1955	0
1957	0
1959	0
1961	0
1963	0
1965	0
1967	0
1969	0
1971	0
1973	0
1975	0
1977	0
1979	0
1981	0
1983	0
1985	0
1987	0
1989	0
1991	0
1993	0
1995	0
1997	0
1999	0
2001	0
2003	0
2005	0
2015	0
2017	0
2019	0
2021	0
2023	0
2025	0
2027	0
2029	0
2031	0
2033	0
2035	0
2037	0
2039	0
2041	0
2043	0
2045	0
2047	0
2049	0
2051	0
2053	0
2055	0
2057	0
2059	0
2061	0
2063	0
2065	0
2067	0
2069	0
2071	0
2073	0
2075	0
2077	0
2087	0
2089	0
2091	0
2093	0
2095	0
2097	0
2099	0
2101	0
2103	0
2105	0
2107	0
2109	0
2111	0
2113	0
2115	0
2117	0
2119	0
2121	0
2123	0
2125	0
2127	0
2129	0
2131	0
2133	0
2135	0
2137	0
2139	0
2141	0
2143	0
2145	0
2147	0
2149	0
2159	0
2161	0
2163	0
2165	0
2167	0
2169	0
2171	0
2173	0
2175	0
2177	0
2179	0
2181	0
2183	0
2185	0
2187	0
2189	0
2191	0
2193	0
2195	0
2197	0
2199	0
2201	0
2203	0
2205	0
2207	0
2209	0
2211	0
2213	0
2215	0
2217	0
2219	0
2221	0
2231	0
2233	0
2235	0
2237	0
2239	0
2241	0
2243	0
2245	0
2247	0
2249	0
2251	0
2253	0
2255	0
2257	0
2259	0
2261	0
2263	0
2265	0
2267	0
2269	0
2271	0
2273	0
2275	0
2277	0
2279	0
2281	0
2283	0
2285	0
2287	0
2289	0
2291	0
2293	0
2303	0
2305	0
2307	0
2309	0
2311	0
2313	0
2315	0
2317	0
2319	0
2321	0
2323	0
2325	0
2327	0
2329	0
2331	0
2333	0
2335	0
2337	0
2339	0
2341	0
2343	0
2345	0
2347	0
2349	0
2351	0
2353	0
2355	0
2357	0
2361	0
2364	0
2367	0
2370	0
2381	0
2384	0
2387	0
2389	0
2391	0
2393	0
2395	0
2397	0
2399	0
2401	0
2403	0
2405	0
2407	0
2409	0
2411	0
2413	0
2415	0
2417	0
2419	0
2421	0
2423	0
2425	0
2427	0
2429	0
2431	0
2433	0
2435	0
2437	0
2439	0
2441	0
2443	0
2445	0
2455	0
2457	0
2459	0
2461	0
2463	0
2465	0
2467	0
2469	0
2471	0
2473	0
2475	0
2477	0
2479	0
2481	0
2483	0
2485	0
2487	0
2489	0
2491	0
2493	0
2495	0
2497	0
2499	0
2501	0
2503	0
2505	0
2507	0
2509	0
2511	0
2513	0
2515	0
2517	0
2527	0
2529	0
2531	0
2533	0
2535	0
2537	0
2539	0
2541	0
2543	0
2545	0
2547	0
2549	0
2551	0
2553	0
2555	0
2557	0
2559	0
2561	0
2563	0
2565	0
2567	0
2569	0
2571	0
2573	0
2575	0
2577	0
2579	0
2581	0
2583	0
2585	0
2587	0
2589	0
2599	0
2601	0
2603	0
2605	0
2607	0
2609	0
2611	0
2613	0
2615	0
2617	0
2619	0
2621	0
2623	0
2625	0
2627	0
2629	0
2631	0
2633	0
2635	0
2637	0
2639	0
2641	0
2643	0
2645	0
2647	0
2649	0
2651	0
2653	0
2655	0
2657	0
2659	0
2661	0
2671	0
2673	0
2675	0
2677	0
2679	0
2681	0
2683	0
2685	0
2687	0
2689	0
2691	0
2693	0
2695	0
2697	0
2699	0
2701	0
2703	0
2705	0
2707	0
2709	0
2711	0
2713	0
2715	0
2717	0
2719	0
2721	0
2723	0
2725	0
2727	0
2729	0
2731	0
2733	0
2743	0
2745	0
2747	0
2749	0
2751	0
2753	0
2755	0
2757	0
2759	0
2761	0
2763	0
2765	0
2767	0
2769	0
2771	0
2773	0
2775	0
2777	0
2779	0
2781	0
2783	0
2785	0
2787	0
2789	0
2791	0
2793	0
2795	0
2797	0
2799	0
2801	0
2803	0
2805	0
2815	0
2817	0
2819	0
2821	0
2823	0
2825	0
2827	0
2829	0
2831	0
2833	0
2835	0
2837	0
2839	0
2841	0
2843	0
2845	0
2847	0
2849	0
2851	0
2853	0
2855	0
2857	0
2859	0
2861	0
2863	0
2865	0
2867	0
2869	0
2871	0
2873	0
2875	0
2877	0
2887	0
2889	0
2891	0
2893	0
2895	0
2897	0
2899	0
2901	0
2903	0
2905	0
2907	0
2909	0
2911	0
2913	0
2915	0
2917	0
2919	0
2921	0
2923	0
2925	0
2927	0
2929	0
2931	0
2933	0
2935	0
2937	0
2939	0
2941	0
2943	0
2945	0
2947	0
2949	0
2959	0
2961	0
2963	0
2965	0
2967	0
2969	0
2971	0
2973	0
2975	0
2977	0
2979	0
2981	0
2983	0
2985	0
2987	0
2989	0
2991	0
2993	0
2995	0
2997	0
2999	0
3001	0
3003	0
3005	0
3007	0
3009	0
3011	0
3013	0
3015	0
3017	0
3019	0
3021	0
3031	0
3033	0
3035	0
3037	0
3039	0
3041	0
3043	0
3045	0
3047	0
3049	0
3051	0
3053	0
3055	0
3057	0
3059	0
3061	0
3063	0
3065	0
3067	0
3069	0
3071	0
3073	0
3075	0
3077	0
3079	0
3081	0
3083	0
3085	0
3087	0
3089	0
3091	0
3093	0
3103	0
3105	0
3107	0
3109	0
3111	0
3113	0
3115	0
3117	0
3119	0
3121	0
3123	0
3125	0
3127	0
3131	0
3134	0
3137	0
3140	0
3143	0
3146	0
3149	0
3151	0
3153	0
3155	0
3157	0
3159	0
3161	0
3163	0
3165	0
3167	0
3169	0
3171	0
3173	0
3183	0
3185	0
3187	0
3189	0
3191	0
3193	0
3195	0
3197	0
3199	0
3201	0
3203	0
3205	0
3207	0
3209	0
3211	0
3213	0
3215	0
3217	0
3219	0
3221	0
3223	0
3225	0
3227	0
3229	0
3231	0
3233	0
3235	0
3237	0
3239	0
3241	0
3243	0
3245	0
3255	0
3257	0
3259	0
3261	0
3263	0
3265	0
3267	0
3269	0
3271	0
3273	0
3275	0
3277	0
3279	0
3281	0
3283	0
3285	0
3287	0
3289	0
3291	0
3293	0
3295	0
3297	0
3299	0
3301	0
3303	0
3305	0
3307	0
3309	0
3311	0
3313	0
3315	0
3317	0
3327	0
3329	0
3331	0
3333	0
3335	0
3337	0
3339	0
3341	0
3343	0
3345	0
3347	0
3349	0
3351	0
3353	0
3355	0
3357	0
3359	0
3361	0
3363	0
3365	0
3367	0
3369	0
3371	0
3373	0
3375	0
3377	0
3379	0
3381	0
3383	0
3385	0
3387	0
3389	0
3399	0
3401	0
3403	0
3405	0
3407	0
3409	0
3411	0
3413	0
3415	0
3417	0
3419	0
3421	0
3423	0
3425	0
3427	0
3429	0
3431	0
3433	0
3435	0
3437	0
3439	0
3441	0
3443	0
3445	0
3447	0
3449	0
3451	0
3453	0
3455	0
3457	0
3459	0
3461	0
3471	0
3473	0
3475	0
3477	0
3479	0
3481	0
3483	0
3485	0
3487	0
3489	0
3491	0
3493	0
3495	0
3497	0
3499	0
3501	0
3503	0
3505	0
3507	0
3509	0
3511	0
3513	0
3515	0
3517	0
3519	0
3521	0
3523	0
3525	0
3527	0
3529	0
3531	0
3533	0
3543	0
3545	0
3547	0
3549	0
3551	0
3553	0
3555	0
3557	0
3559	0
3561	0
3563	0
3565	0
3567	0
3569	0
3571	0
3573	0
3575	0
3577	0
3579	0
3581	0
3583	0
3585	0
3587	0
3589	0
3591	0
3593	0
3595	0
3597	0
3599	0
3601	0
3603	0
3605	0
3615	0
3617	0
3619	0
3621	0
3623	0
3625	0
3627	0
3629	0
3631	0
3633	0
3635	0
3637	0
3639	0
3641	0
3643	0
3645	0
3647	0
3649	0
3651	0
3653	0
3655	0
3657	0
3659	0
3661	0
3663	0
3665	0
3667	0
3669	0
3671	0
3673	0
3675	0
3677	0
3687	0
3689	0
3691	0
3693	0
3695	0
3697	0
3699	0
3701	0
3703	0
3705	0
3707	0
3709	0
3711	0
3713	0
3715	0
3717	0
3719	0
3721	0
3723	0
3725	0
3727	0
3729	0
3731	0
3733	0
3735	0
3737	0
3739	0
3741	0
3743	0
3745	0
3747	0
3749	0
3759	0
3761	0
3763	0
3765	0
3767	0
3769	0
3771	0
3773	0
3775	0
3777	0
3779	0
3781	0
3783	0
3785	0
3787	0
3789	0
3791	0
3793	0
3795	0
3797	0
3799	0
3801	0
3803	0
3805	0
3807	0
3809	0
3811	0
3813	0
3815	0
3817	0
3819	0
3821	0
3831	0
3833	0
3835	0
3837	0
3839	0
3841	0
3843	0
3845	0
3847	0
3849	0
3851	0
3853	0
3855	0
3857	0
3859	0
3861	0
3863	0
3865	0
3867	0
3869	0
3871	0
3873	0
3875	0
3877	0
3879	0
3881	0
3883	0
3885	0
3887	0
3889	0
3893	0
3896	0
3907	0
3910	0
3913	0
3916	0
3919	0
3921	0
3923	0
3925	0
3927	0
3929	0
3931	0
3933	0
3935	0
3937	0
3939	0
3941	0
3943	0
3945	0
3947	0
3949	0
3951	0
3953	0
3955	0
3957	0
3959	0
3961	0
3963	0
3965	0
3967	0
3969	0
3971	0
3973	0
3983	0
3985	0
3987	0
3989	0
3991	0
3993	0
3995	0
3997	0
3999	0
4001	0
4003	0
4005	0
4007	0
4009	0
4011	0
4013	0
4015	0
4017	0
4019	0
4021	0
4023	0
4025	0
4027	0
4029	0
4031	0
4033	0
4035	0
4037	0
4039	0
4041	0
4043	0
4045	0
4055	0
4057	0
4059	0
4061	0
4063	0
4065	0
4067	0
4069	0
4071	0
4073	0
4075	0
4077	0
4079	0
4081	0
4083	0
4085	0
4087	0
4089	0
4091	0
4093	0
4095	0
4097	0
4099	0
4101	0
4103	0
4105	0
4107	0
4109	0
4111	0
4113	0
4115	0
4117	0
4127	0
4129	0
4131	0
4133	0
4135	0
4137	0
4139	0
4141	0
4143	0
4145	0
4147	0
4149	0
4151	0
4153	0
4155	0
4157	0
4159	0
4161	0
4163	0
4165	0
4167	0
4169	0
4171	0
4173	0
4175	0
4177	0
4179	0
4181	0
4183	0
4185	0
4187	0
4189	0
4199	0
4201	0
4203	0
4205	0
4207	0
4209	0
4211	0
4213	0
4215	0
4217	0
4219	0
4221	0
4223	0
4225	0
4227	0
4229	0
4231	0
4233	0
4235	0
4237	0
4239	0
4241	0
4243	0
4245	0
4247	0
4249	0
4251	0
4253	0
4255	0
4257	0
4259	0
4261	0
4271	0
4273	0
4275	0
4277	0
4279	0
4281	0
4283	0
4285	0
4287	0
4289	0
4291	0
4293	0
4295	0
4297	0
4299	0
4301	0
4303	0
4305	0
4307	0
4309	0
4311	0
4313	0
4315	0
4317	0
4319	0
4321	0
4323	0
4325	0
4327	0
4329	0
4331	0
4333	0
4343	0
4345	0
4347	0
4349	0
4351	0
4353	0
4355	0
4357	0
4359	0
4361	0
4363	0
4365	0
4367	0
4369	0
4371	0
4373	0
4375	0
4377	0
4379	0
4381	0
4383	0
4385	0
4387	0
4389	0
4391	0
4393	0
4395	0
4397	0
4399	0
4401	0
4403	0
4405	0
4415	0
4417	0
4419	0
4421	0
4423	0
4425	0
4427	0
4429	0
4431	0
4433	0
4435	0
4437	0
4439	0
4441	0
4443	0
4445	0
4447	0
4449	0
4451	0
4453	0
4455	0
4457	0
4459	0
4461	0
4463	0
4465	0
4467	0
4469	0
4471	0
4473	0
4475	0
4477	0
4487	0
4489	0
4491	0
4493	0
4495	0
4497	0
4499	0
4501	0
4503	0
4505	0
4507	0
4509	0
4511	0
4513	0
4515	0
4517	0
4519	0
4521	0
4523	0
4525	0
4527	0
4529	0
4531	0
4533	0
4535	0
4537	0
4539	0
4541	0
4543	0
4545	0
4547	0
4549	0
4559	0
4561	0
4563	0
4565	0
4567	0
4569	0
4571	0
4573	0
4575	0
4577	0
4579	0
4581	0
4583	0
4585	0
4587	0
4589	0
4591	0
4593	0
4595	0
4597	0
4599	0
4601	0
4603	0
4605	0
4607	0
4609	0
4611	0
4613	0
4615	0
4617	0
4619	0
4621	0
4631	0
4633	0
4635	0
4637	0
4639	0
4641	0
4643	0
4645	0
4647	0
4649	0
4651	0
4653	0
4655	0
4657	0
4660	0
4663	0
4666	0
4669	0
4672	0
4675	0
4678	0
4681	0
4683	0
4685	0
4687	0
4689	0
4691	0
4693	0
4695	0
4697	0
4699	0
4701	0
4711	0
4713	0
4715	0
4717	0
4719	0
4721	0
4723	0
4725	0
4727	0
4729	0
4731	0
4733	0
4735	0
4737	0
4739	0
4741	0
4743	0
4745	0
4747	0
4749	0
4751	0
4753	0
4755	0
4757	0
4759	0
4761	0
4763	0
4765	0
4767	0
4769	0
4771	0
4773	0
4783	0
4785	0
4787	0
4789	0
4791	0
4793	0
4795	0
4797	0
4799	0
4801	0
4803	0
4805	0
4807	0
4809	0
4811	0
4813	0
4815	0
4817	0
4819	0
4821	0
4823	0
4825	0
4827	0
4829	0
4831	0
4833	0
4835	0
4837	0
4839	0
4841	0
4843	0
4845	0
4855	0
4857	0
4859	0
4861	0
4863	0
4865	0
4867	0
4869	0
4871	0
4873	0
4875	0
4877	0
4879	0
4881	0
4883	0
4885	0
4887	0
4889	0
4891	0
4893	0
4895	0
4897	0
4899	0
4901	0
4903	0
4905	0
4907	0
4909	0
4911	0
4913	0
4915	0
4917	0
4927	0
4929	0
4931	0
4933	0
4935	0
4937	0
4939	0
4941	0
4943	0
4945	0
4947	0
4949	0
4951	0
4953	0
4955	0
4957	0
4959	0
4961	0
4963	0
4965	0
4967	0
4969	0
4971	0
4973	0
4975	0
4977	0
4979	0
4981	0
4983	0
4985	0
4987	0
4989	0
4999	0
5001	0
5003	0
5005	0
5007	0
5009	0
5011	0
5013	0
5015	0
5017	0
5019	0
5021	0
5023	0
5025	0
5027	0
5029	0
5031	0
5033	0
5035	0
5037	0
5039	0
5041	0
5043	0
5045	0
5047	0
5049	0
5051	0
5053	0
5055	0
5057	0
5059	0
5061	0
5071	0
5073	0
5075	0
5077	0
5079	0
5081	0
5083	0
5085	0
5087	0
5089	0
5091	0
5093	0
5095	0
5097	0
5099	0
5101	0
5103	0
5105	0
5107	0
5109	0
5111	0
5113	0
5115	0
5117	0
5119	0
5121	0
5123	0
5125	0
5127	0
5129	0
5131	0
5133	0
5143	0
5145	0
5147	0
5149	0
5151	0
5153	0
5155	0
5157	0
5159	0
5161	0
5163	0
5165	0
5167	0
5169	0
5171	0
5173	0
5175	0
5177	0
5179	0
5181	0
5183	0
5185	0
5187	0
5189	0
5191	0
5193	0
5195	0
5197	0
5199	0
5201	0
5203	0
5205	0
5215	0
5217	0
5219	0
5221	0
5223	0
5225	0
5227	0
5229	0
5231	0
5233	0
5235	0
5237	0
5239	0
5241	0
5243	0
5245	0
5247	0
5249	0
5251	0
5253	0
5255	0
5257	0
5259	0
5261	0
5263	0
5265	0
5267	0
5269	0
5271	0
5273	0
5275	0
5277	0
5287	0
5289	0
5291	0
5293	0
5295	0
5297	0
5299	0
5301	0
5303	0
5305	0
5307	0
5309	0
5311	0
5313	0
5315	0
5317	0
5319	0
5321	0
5323	0
5325	0
5327	0
5329	0
5331	0
5333	0
5335	0
5337	0
5339	0
5341	0
5343	0
5345	0
5347	0
5349	0
5359	0
5361	0
5363	0
5365	0
5367	0
5369	0
5371	0
5373	0
5375	0
5377	0
5379	0
5381	0
5383	0
5385	0
5387	0
5389	0
5391	0
5393	0
5395	0
5397	0
5399	0
5401	0
5403	0
5405	0
5407	0
5409	0
5411	0
5413	0
5415	0
5417	0
5419	0
5423	0
5434	0
5437	0
5440	0
5443	0
5446	0
5449	0
5451	0
5453	0
5455	0
5457	0
5459	0
5461	0
5463	0
5465	0
5467	0
5469	0
5471	0
5473	0
5475	0
5477	0
5479	0
5481	0
5483	0
5485	0
5487	0
5489	0
5491	0
5493	0
5495	0
5497	0
5499	0
5501	0
5511	0
5513	0
5515	0
5517	0
5519	0
5521	0
5523	0
5525	0
5527	0
5529	0
5531	0
5533	0
5535	0
5537	0
5539	0
5541	0
5543	0
5545	0
5547	0
5549	0
5551	0
5553	0
5555	0
5557	0
5559	0
5561	0
5563	0
5565	0
5567	0
5569	0
5571	0
5573	0
5583	0
5585	0
5587	0
5589	0
5591	0
5593	0
5595	0
5597	0
5599	0
5601	0
5603	0
5605	0
5607	0
5609	0
5611	0
5613	0
5615	0
5617	0
5619	0
5621	0
5623	0
5625	0
5627	0
5629	0
5631	0
5633	0
5635	0
5637	0
5639	0
5641	0
5643	0
5645	0
5655	0
5657	0
5659	0
5661	0
5663	0
5665	0
5667	0
5669	0
5671	0
5673	0
5675	0
5677	0
5679	0
5681	0
5683	0
5685	0
5687	0
5689	0
5691	0
5693	0
5695	0
5697	0
5699	0
5701	0
5703	0
5705	0
5707	0
5709	0
5711	0
5713	0
5715	0
5717	0
5727	0
5729	0
5731	0
5733	0
5735	0
5737	0
5739	0
5741	0
5743	0
5745	0
5747	0
5749	0
5751	0
5753	0
5755	0
5757	0
5759	0
5761	0
5763	0
5765	0
5767	0
5769	0
5771	0
5773	0
5775	0
5777	0
5779	0
5781	0
5783	0
5785	0
5787	0
5789	0
5799	0
5801	0
5803	0
5805	0
5807	0
5809	0
5811	0
5813	0
5815	0
5817	0
5819	0
5821	0
5823	0
5825	0
5827	0
5829	0
5831	0
5833	0
5835	0
5837	0
5839	0
5841	0
5843	0
5845	0
5847	0
5849	0
5851	0
5853	0
5855	0
5857	0
5859	0
5861	0
5871	0
5873	0
5875	0
5877	0
5879	0
5881	0
5883	0
5885	0
5887	0
5889	0
5891	0
5893	0
5895	0
5897	0
5899	0
5901	0
5903	0
5905	0
5907	0
5909	0
5911	0
5913	0
5915	0
5917	0
5919	0
5921	0
5923	0
5925	0
5927	0
5929	0
5931	0
5933	0
5943	0
5945	0
5947	0
5949	0
5951	0
5953	0
5955	0
5957	0
5959	0
5961	0
5963	0
5965	0
5967	0
5969	0
5971	0
5973	0
5975	0
5977	0
5979	0
5981	0
5983	0
5985	0
5987	0
5989	0
5991	0
5993	0
5995	0
5997	0
5999	0
6001	0
6003	0
6005	0
6015	0
6017	0
6019	0
6021	0
6023	0
6025	0
6027	0
6029	0
6031	0
6033	0
6035	0
6037	0
6039	0
6041	0
6043	0
6045	0
6047	0
6049	0
6051	0
6053	0
6055	0
6057	0
6059	0
6061	0
6063	0
6065	0
6067	0
6069	0
6071	0
6073	0
6075	0
6077	0
6087	0
6089	0
6091	0
6093	0
6095	0
6097	0
6099	0
6101	0
6103	0
6105	0
6107	0
6109	0
6111	0
6113	0
6115	0
6117	0
6119	0
6121	0
6123	0
6125	0
6127	0
6129	0
6131	0
6133	0
6135	0
6137	0
6139	0
6141	0
6143	0
6145	0
6147	0
6149	0
6159	0
6161	0
6163	0
6165	0
6167	0
6169	0
6171	0
6173	0
6175	0
6177	0
6179	0
6181	0
6183	0
6185	0
6187	0
6190	0
6193	0
6196	0
6199	0
6202	0
6205	0
6208	0
6211	0
6213	0
6215	0
6217	0
6219	0
6221	0
6223	0
6225	0
6227	0
6229	0
6239	0
6241	0
6243	0
6245	0
6247	0
6249	0
6251	0
6253	0
6255	0
6257	0
6259	0
6261	0
6263	0
6265	0
6267	0
6269	0
6271	0
6273	0
6275	0
6277	0
6279	0
6281	0
6283	0
6285	0
6287	0
6289	0
6291	0
6293	0
6295	0
6297	0
6299	0
6301	0
6311	0
6313	0
6315	0
6317	0
6319	0
6321	0
6323	0
6325	0
6327	0
6329	0
6331	0
6333	0
6335	0
6337	0
6339	0
6341	0
6343	0
6345	0
6347	0
6349	0
6351	0
6353	0
6355	0
6357	0
6359	0
6361	0
6363	0
6365	0
6367	0
6369	0
6371	0
6373	0
6383	0
6385	0
6387	0
6389	0
6391	0
6393	0
6395	0
6397	0
6399	0
6401	0
6403	0
6405	0
6407	0
6409	0
6411	0
6413	0
6415	0
6417	0
6419	0
6421	0
6423	0
6425	0
6427	0
6429	0
6431	0
6433	0
6435	0
6437	0
6439	0
6441	0
6443	0
6445	0
6455	0
6457	0
6459	0
6461	0
6463	0
6465	0
6467	0
6469	0
6471	0
6473	0
6475	0
6477	0
6479	0
6481	0
6483	0
6485	0
6487	0
6489	0
6491	0
6493	0
6495	0
6497	0
6499	0
6501	0
6503	0
6505	0
6507	0
6509	0
6511	0
6513	0
6515	0
6517	0
6527	0
6529	0
6531	0
6533	0
6535	0
6537	0
6539	0
6541	0
6543	0
6545	0
6547	0
6549	0
6551	0
6553	0
6555	0
6557	0
6559	0
6561	0
6563	0
6565	0
6567	0
6569	0
6571	0
6573	0
6575	0
6577	0
6579	0
6581	0
6583	0
6585	0
6587	0
6589	0
6599	0
6601	0
6603	0
6605	0
6607	0
6609	0
6611	0
6613	0
6615	0
6617	0
6619	0
6621	0
6623	0
6625	0
6627	0
6629	0
6631	0
6633	0
6635	0
6637	0
6639	0
6641	0
6643	0
6645	0
6647	0
6649	0
6651	0
6653	0
6655	0
6657	0
6659	0
6661	0
6671	0
6673	0
6675	0
6677	0
6679	0
6681	0
6683	0
6685	0
6687	0
6689	0
6691	0
6693	0
6695	0
6697	0
6699	0
6701	0
6703	0
6705	0
6707	0
6709	0
6711	0
6713	0
6715	0
6717	0
6719	0
6721	0
6723	0
6725	0
6727	0
6729	0
6731	0
6733	0
6743	0
6745	0
6747	0
6749	0
6751	0
6753	0
6755	0
6757	0
6759	0
6761	0
6763	0
6765	0
6767	0
6769	0
6771	0
6773	0
6775	0
6777	0
6779	0
6781	0
6783	0
6785	0
6787	0
6789	0
6791	0
6793	0
6795	0
6797	0
6799	0
6801	0
6803	0
6805	0
6815	0
6817	0
6819	0
6821	0
6823	0
6825	0
6827	0
6829	0
6831	0
6833	0
6835	0
6837	0
6839	0
6841	0
6843	0
6845	0
6847	0
6849	0
6851	0
6853	0
6855	0
6857	0
6859	0
6861	0
6863	0
6865	0
6867	0
6869	0
6871	0
6873	0
6875	0
6877	0
6887	0
6889	0
6891	0
6893	0
6895	0
6897	0
6899	0
6901	0
6903	0
6905	0
6907	0
6909	0
6911	0
6913	0
6915	0
6917	0
6919	0
6921	0
6923	0
6925	0
6927	0
6929	0
6931	0
6933	0
6935	0
6937	0
6939	0
6941	0
6943	0
6945	0
6947	0
6949	0
6961	0
6964	0
6967	0
6970	0
6973	0
6976	0
6979	0
6981	0
6983	0
6985	0
6987	0
6989	0
6991	0
6993	0
6995	0
6997	0
6999	0
7001	0
7003	0
7005	0
7007	0
7009	0
7011	0
7013	0
7015	0
7017	0
7019	0
7021	0
7023	0
7025	0
7027	0
7029	0
7039	0
7041	0
7043	0
7045	0
7047	0
7049	0
7051	0
7053	0
7055	0
7057	0
7059	0
7061	0
7063	0
7065	0
7067	0
7069	0
7071	0
7073	0
7075	0
7077	0
7079	0
7081	0
7083	0
7085	0
7087	0
7089	0
7091	0
7093	0
7095	0
7097	0
7099	0
7101	0
7111	0
7113	0
7115	0
7117	0
7119	0
7121	0
7123	0
7125	0
7127	0
7129	0
7131	0
7133	0
7135	0
7137	0
7139	0
7141	0
7143	0
7145	0
7147	0
7149	0
7151	0
7153	0
7155	0
7157	0
7159	0
7161	0
7163	0
7165	0
7167	0
7169	0
7171	0
7173	0
7183	0
7185	0
7187	0
7189	0
7191	0
7193	0
7195	0
7197	0
7199	0
7201	0
7203	0
7205	0
7207	0
7209	0
7211	0
7213	0
7215	0
7217	0
7219	0
7221	0
7223	0
7225	0
7227	0
7229	0
7231	0
7233	0
7235	0
7237	0
7239	0
7241	0
7243	0
7245	0
7255	0
7257	0
7259	0
7261	0
7263	0
7265	0
7267	0
7269	0
7271	0
7273	0
7275	0
7277	0
7279	0
7281	0
7283	0
7285	0
7287	0
7289	0
7291	0
7293	0
7295	0
7297	0
7299	0
7301	0
7303	0
7305	0
7307	0
7309	0
7311	0
7313	0
7315	0
7317	0
7327	0
7329	0
7331	0
7333	0
7335	0
7337	0
7339	0
7341	0
7343	0
7345	0
7347	0
7349	0
7351	0
7353	0
7355	0
7357	0
7359	0
7361	0
7363	0
7365	0
7367	0
7369	0
7371	0
7373	0
7375	0
7377	0
7379	0
7381	0
7383	0
7385	0
7387	0
7389	0
7399	0
7401	0
7403	0
7405	0
7407	0
7409	0
7411	0
7413	0
7415	0
7417	0
7419	0
7421	0
7423	0
7425	0
7427	0
7429	0
7431	0
7433	0
7435	0
7437	0
7439	0
7441	0
7443	0
7445	0
7447	0
7449	0
7451	0
7453	0
7455	0
7457	0
7459	0
7461	0
7471	0
7473	0
7475	0
7477	0
7479	0
7481	0
7483	0
7485	0
7487	0
7489	0
7491	0
7493	0
7495	0
7497	0
7499	0
7501	0
7503	0
7505	0
7507	0
7509	0
7511	0
7513	0
7515	0
7517	0
7519	0
7521	0
7523	0
7525	0
7527	0
7529	0
7531	0
7533	0
7543	0
7545	0
7547	0
7549	0
7551	0
7553	0
7555	0
7557	0
7559	0
7561	0
7563	0
7565	0
7567	0
7569	0
7571	0
7573	0
7575	0
7577	0
7579	0
7581	0
7583	0
7585	0
7587	0
7589	0
7591	0
7593	0
7595	0
7597	0
7599	0
7601	0
7603	0
7605	0
7615	0
7617	0
7619	0
7621	0
7623	0
7625	0
7627	0
7629	0
7631	0
7633	0
7635	0
7637	0
7639	0
7641	0
7643	0
7645	0
7647	0
7649	0
7651	0
7653	0
7655	0
7657	0
7659	0
7661	0
7663	0
7665	0
7667	0
7669	0
7671	0
7673	0
7675	0
7677	0
7687	0
7689	0
7691	0
7693	0
7695	0
7697	0
7699	0
7701	0
7703	0
7705	0
7707	0
7709	0
7711	0
7713	0
7715	0
7717	0
7720	0
7723	0
7726	0
7729	0
7732	0
7735	0
7738	0
7741	0
7743	0
7745	0
7747	0
7749	0
7751	0
7753	0
7755	0
7757	0
7767	0
7769	0
7771	0
7773	0
7775	0
7777	0
7779	0
7781	0
7783	0
7785	0
7787	0
7789	0
7791	0
7793	0
7795	0
7797	0
7799	0
7801	0
7803	0
7805	0
7807	0
7809	0
7811	0
7813	0
7815	0
7817	0
7819	0
7821	0
7823	0
7825	0
7827	0
7829	0
7839	0
7841	0
7843	0
7845	0
7847	0
7849	0
7851	0
7853	0
7855	0
7857	0
7859	0
7861	0
7863	0
7865	0
7867	0
7869	0
7871	0
7873	0
7875	0
7877	0
7879	0
7881	0
7883	0
7885	0
7887	0
7889	0
7891	0
7893	0
7895	0
7897	0
7899	0
7901	0
7911	0
7913	0
7915	0
7917	0
7919	0
7921	0
7923	0
7925	0
7927	0
7929	0
7931	0
7933	0
7935	0
7937	0
7939	0
7941	0
7943	0
7945	0
7947	0
7949	0
7951	0
7953	0
7955	0
7957	0
7959	0
7961	0
7963	0
7965	0
7967	0
7969	0
7971	0
7973	0
7983	0
7985	0
7987	0
7989	0
7991	0
7993	0
7995	0
7997	0
7999	0
8001	0
8003	0
8005	0
8007	0
8009	0
8011	0
8013	0
8015	0
8017	0
8019	0
8021	0
8023	0
8025	0
8027	0
8029	0
8031	0
8033	0
8035	0
8037	0
8039	0
8041	0
8043	0
8045	0
8055	0
8057	0
8059	0
8061	0
8063	0
8065	0
8067	0
8069	0
8071	0
8073	0
8075	0
8077	0
8079	0
8081	0
8083	0
8085	0
8087	0
8089	0
8091	0
8093	0
8095	0
8097	0
8099	0
8101	0
8103	0
8105	0
8107	0
8109	0
8111	0
8113	0
8115	0
8117	0
8127	0
8129	0
8131	0
8133	0
8135	0
8137	0
8139	0
8141	0
8143	0
8145	0
8147	0
8149	0
8151	0
8153	0
8155	0
8157	0
8159	0
8161	0
8163	0
8165	0
8167	0
8169	0
8171	0
8173	0
8175	0
8177	0
8179	0
8181	0
8183	0
8185	0
8187	0
8189	0
8199	0
8201	0
8203	0
8205	0
8207	0
8209	0
8211	0
8213	0
8215	0
8217	0
8219	0
8221	0
8223	0
8225	0
8227	0
8229	0
8231	0
8233	0
8235	0
8237	0
8239	0
8241	0
8243	0
8245	0
8247	0
8249	0
8251	0
8253	0
8255	0
8257	0
8259	0
8261	0
8271	0
8273	0
8275	0
8277	0
8279	0
8281	0
8283	0
8285	0
8287	0
8289	0
8291	0
8293	0
8295	0
8297	0
8299	0
8301	0
8303	0
8305	0
8307	0
8309	0
8311	0
8313	0
8315	0
8317	0
8319	0
8321	0
8323	0
8325	0
8327	0
8329	0
8331	0
8333	0
8343	0
8345	0
8347	0
8349	0
8351	0
8353	0
8355	0
8357	0
8359	0
8361	0
8363	0
8365	0
8367	0
8369	0
8371	0
8373	0
8375	0
8377	0
8379	0
8381	0
8383	0
8385	0
8387	0
8389	0
8391	0
8393	0
8395	0
8397	0
8399	0
8401	0
8403	0
8405	0
8415	0
8417	0
8419	0
8421	0
8423	0
8425	0
8427	0
8429	0
8431	0
8433	0
8435	0
8437	0
8439	0
8441	0
8443	0
8445	0
8447	0
8449	0
8451	0
8453	0
8455	0
8457	0
8459	0
8461	0
8463	0
8465	0
8467	0
8469	0
8471	0
8473	0
8475	0
8477	0
8487	0
8491	0
8494	0
8497	0
8500	0
8503	0
8506	0
8509	0
8511	0
8513	0
8515	0
8517	0
8519	0
8521	0
8523	0
8525	0
8527	0
8529	0
8531	0
8533	0
8535	0
8537	0
8539	0
8541	0
8543	0
8545	0
8547	0
8549	0
8551	0
8553	0
8555	0
8557	0
8567	0
8569	0
8571	0
8573	0
8575	0
8577	0
8579	0
8581	0
8583	0
8585	0
8587	0
8589	0
8591	0
8593	0
8595	0
8597	0
8599	0
8601	0
8603	0
8605	0
8607	0
8609	0
8611	0
8613	0
8615	0
8617	0
8619	0
8621	0
8623	0
8625	0
8627	0
8629	0
8639	0
8641	0
8643	0
8645	0
8647	0
8649	0
8651	0
8653	0
8655	0
8657	0
8659	0
8661	0
8663	0
8665	0
8667	0
8669	0
8671	0
8673	0
8675	0
8677	0
8679	0
8681	0
8683	0
8685	0
8687	0
8689	0
8691	0
8693	0
8695	0
8697	0
8699	0
8701	0
8711	0
8713	0
8715	0
8717	0
8719	0
8721	0
8723	0
8725	0
8727	0
8729	0
8731	0
8733	0
8735	0
8737	0
8739	0
8741	0
8743	0
8745	0
8747	0
8749	0
8751	0
8753	0
8755	0
8757	0
8759	0
8761	0
8763	0
8765	0
8767	0
8769	0
8771	0
8773	0
8783	0
8785	0
8787	0
8789	0
8791	0
8793	0
8795	0
8797	0
8799	0
8801	0
8803	0
8805	0
8807	0
8809	0
8811	0
8813	0
8815	0
8817	0
8819	0
8821	0
8823	0
8825	0
8827	0
8829	0
8831	0
8833	0
8835	0
8837	0
8839	0
8841	0
8843	0
8845	0
8855	0
8857	0
8859	0
8861	0
8863	0
8865	0
8867	0
8869	0
8871	0
8873	0
8875	0
8877	0
8879	0
8881	0
8883	0
8885	0
8887	0
8889	0
8891	0
8893	0
8895	0
8897	0
8899	0
8901	0
8903	0
8905	0
8907	0
8909	0
8911	0
8913	0
8915	0
8917	0
8927	0
8929	0
8931	0
8933	0
8935	0
8937	0
8939	0
8941	0
8943	0
8945	0
8947	0
8949	0
8951	0
8953	0
8955	0
8957	0
8959	0
8961	0
8963	0
8965	0
8967	0
8969	0
8971	0
8973	0
8975	0
8977	0
8979	0
8981	0
8983	0
8985	0
8987	0
8989	0
8999	0
9001	0
9003	0
9005	0
9007	0
9009	0
9011	0
9013	0
9015	0
9017	0
9019	0
9021	0
9023	0
9025	0
9027	0
9029	0
9031	0
9033	0
9035	0
9037	0
9039	0
9041	0
9043	0
9045	0
9047	0
9049	0
9051	0
9053	0
9055	0
9057	0
9059	0
9061	0
9071	0
9073	0
9075	0
9077	0
9079	0
9081	0
9083	0
9085	0
9087	0
9089	0
9091	0
9093	0
9095	0
9097	0
9099	0
9101	0
9103	0
9105	0
9107	0
9109	0
9111	0
9113	0
9115	0
9117	0
9119	0
9121	0
9123	0
9125	0
9127	0
9129	0
9131	0
9133	0
9143	0
9145	0
9147	0
9149	0
9151	0
9153	0
9155	0
9157	0
9159	0
9161	0
9163	0
9165	0
9167	0
9169	0
9171	0
9173	0
9175	0
9177	0
9179	0
9181	0
9183	0
9185	0
9187	0
9189	0
9191	0
9193	0
9195	0
9197	0
9199	0
9201	0
9203	0
9205	0
9215	0
9217	0
9219	0
9221	0
9223	0
9225	0
9227	0
9229	0
9231	0
9233	0
9235	0
9237	0
9239	0
9241	0
9243	0
9245	0
9247	0
9250	0
9253	0
9256	0
9259	0
9262	0
9265	0
9268	0
9271	0
9273	0
9275	0
9277	0
9279	0
9281	0
9283	0
9285	0
9295	0
9297	0
9299	0
9301	0
9303	0
9305	0
9307	0
9309	0
9311	0
9313	0
9315	0
9317	0
9319	0
9321	0
9323	0
9325	0
9327	0
9329	0
9331	0
9333	0
9335	0
9337	0
9339	0
9341	0
9343	0
9345	0
9347	0
9349	0
9351	0
9353	0
9355	0
9357	0
9367	0
9369	0
9371	0
9373	0
9375	0
9377	0
9379	0
9381	0
9383	0
9385	0
9387	0
9389	0
9391	0
9393	0
9395	0
9397	0
9399	0
9401	0
9403	0
9405	0
9407	0
9409	0
9411	0
9413	0
9415	0
9417	0
9419	0
9421	0
9423	0
9425	0
9427	0
9429	0
9439	0
9441	0
9443	0
9445	0
9447	0
9449	0
9451	0
9453	0
9455	0
9457	0
9459	0
9461	0
9463	0
9465	0
9467	0
9469	0
9471	0
9473	0
9475	0
9477	0
9479	0
9481	0
9483	0
9485	0
9487	0
9489	0
9491	0
9493	0
9495	0
9497	0
9499	0
9501	0
9511	0
9513	0
9515	0
9517	0
9519	0
9521	0
9523	0
9525	0
9527	0
9529	0
9531	0
9533	0
9535	0
9537	0
9539	0
9541	0
9543	0
9545	0
9547	0
9549	0
9551	0
9553	0
9555	0
9557	0
9559	0
9561	0
9563	0
9565	0
9567	0
9569	0
9571	0
9573	0
9583	0
9585	0
9587	0
9589	0
9591	0
9593	0
9595	0
9597	0
9599	0
9601	0
9603	0
9605	0
9607	0
9609	0
9611	0
9613	0
9615	0
9617	0
9619	0
9621	0
9623	0
9625	0
9627	0
9629	0
9631	0
9633	0
9635	0
9637	0
9639	0
9641	0
9643	0
9645	0
9655	0
9657	0
9659	0
9661	0
9663	0
9665	0
9667	0
9669	0
9671	0
9673	0
9675	0
9677	0
9679	0
9681	0
9683	0
9685	0
9687	0
9689	0
9691	0
9693	0
9695	0
9697	0
9699	0
9701	0
9703	0
9705	0
9707	0
9709	0
9711	0
9713	0
9715	0
9717	0
9727	0
9729	0
9731	0
9733	0
9735	0
9737	0
9739	0
9741	0
9743	0
9745	0
9747	0
9749	0
9751	0
9753	0
9755	0
9757	0
9759	0
9761	0
9763	0
9765	0
9767	0
9769	0
9771	0
9773	0
9775	0
9777	0
9779	0
9781	0
9783	0
9785	0
9787	0
9789	0
9799	0
9801	0
9803	0
9805	0
9807	0
9809	0
9811	0
9813	0
9815	0
9817	0
9819	0
9821	0
9823	0
9825	0
9827	0
9829	0
9831	0
9833	0
9835	0
9837	0
9839	0
9841	0
9843	0
9845	0
9847	0
9849	0
9851	0
9853	0
9855	0
9857	0
9859	0
9861	0
9871	0
9873	0
9875	0
9877	0
9879	0
9881	0
9883	0
9885	0
9887	0
9889	0
9891	0
9893	0
9895	0
9897	0
9899	0
9901	0
9903	0
9905	0
9907	0
9909	0
9911	0
9913	0
9915	0
9917	0
9919	0
9921	0
9923	0
9925	0
9927	0
9929	0
9931	0
9933	0
9943	0
9945	0
9947	0
9949	0
9951	0
9953	0
9955	0
9957	0
9959	0
9961	0
9963	0
9965	0
9967	0
9969	0
9971	0
9973	0
9975	0
9977	0
9979	0
9981	0
9983	0
9985	0
9987	0
9989	0
9991	0
9993	0
9995	0
9997	0
9999	0
10001	0
10003	0
10005	0
10015	0
10018	0
10021	0
10024	0
10027	0
10030	0
10033	0
10036	0
10039	0
10042	0
10044	0
10046	0
10048	0
10050	0
10052	0
10054	0
10056	0
10058	0
10060	0
10062	0
10064	0
10066	0
10068	0
10070	0
10072	0
10074	0
10076	0
10078	0
10080	0
10090	0
10092	0
10094	0
10096	0
10098	0
10100	0
10102	0
10104	0
10106	0
10108	0
10110	0
10112	0
10114	0
10116	0
10118	0
10120	0
10122	0
10124	0
10126	0
10128	0
10130	0
10132	0
10134	0
10136	0
10138	0
10140	0
10142	0
10144	0
10154	0
10156	0
10158	0
10160	0
10162	0
10164	0
10166	0
10168	0
10170	0
10172	0
10174	0
10176	0
10178	0
10180	0
10182	0
10184	0
10186	0
10188	0
10190	0
10192	0
10194	0
10196	0
10198	0
10200	0
10202	0
10204	0
10206	0
10208	0
10218	0
10220	0
10222	0
10224	0
10226	0
10228	0
10230	0
10232	0
10234	0
10236	0
10238	0
10240	0
10242	0
10244	0
10246	0
10248	0
10250	0
10252	0
10254	0
10256	0
10258	0
10260	0
10262	0
10264	0
10266	0
10268	0
10270	0
10272	0
10274	0
10284	0
10286	0
10288	0
10290	0
10292	0
10294	0
10296	0
10298	0
10300	0
10302	0
10304	0
10306	0
10308	0
10310	0
10312	0
10314	0
10316	0
10318	0
10320	0
10322	0
10324	0
10326	0
10328	0
10330	0
10332	0
10334	0
10336	0
10338	0
10348	0
10350	0
10352	0
10354	0
10356	0
10358	0
10360	0
10362	0
10364	0
10366	0
10368	0
10370	0
10372	0
10374	0
10376	0
10378	0
10380	0
10382	0
10384	0
10386	0
10388	0
10390	0
10392	0
10394	0
10396	0
10398	0
10400	0
10402	0
10404	0
10414	0
10416	0
10418	0
10420	0
10422	0
10424	0
10426	0
10428	0
10430	0
10432	0
10434	0
10436	0
10438	0
10440	0
10442	0
10444	0
10446	0
10448	0
10450	0
10452	0
10454	0
10456	0
10458	0
10460	0
10462	0
10464	0
10466	0
10468	0
10478	0
10480	0
10482	0
10484	0
10486	0
10488	0
10490	0
10492	0
10494	0
10496	0
10498	0
10500	0
10502	0
10504	0
10506	0
10508	0
10510	0
10512	0
10514	0
10516	0
10518	0
10520	0
10522	0
10524	0
10526	0
10528	0
10530	0
10532	0
10534	0
10544	0
10546	0
10548	0
10550	0
10552	0
10554	0
10556	0
10558	0
10560	0
10562	0
10564	0
10566	0
10568	0
10570	0
10572	0
10574	0
10576	0
10578	0
10580	0
10582	0
10584	0
10586	0
10588	0
10590	0
10592	0
10594	0
10596	0
10598	0
10608	0
10610	0
10612	0
10614	0
10616	0
10618	0
10620	0
10622	0
10624	0
10626	0
10628	0
10630	0
10632	0
10634	0
10636	0
10638	0
10640	0
10642	0
10644	0
10646	0
10648	0
10650	0
10652	0
10654	0
10656	0
10658	0
10660	0
10662	0
10664	0
10674	0
10676	0
10678	0
10680	0
10682	0
10684	0
10686	0
10688	0
10690	0
10692	0
10694	0
10696	0
10698	0
10700	0
10702	0
10704	0
10706	0
10708	0
10710	0
10712	0
10714	0
10716	0
10718	0
10720	0
10722	0
10724	0
10726	0
10728	0
10738	0
10741	0
10744	0
10747	0
10750	0
10753	0
10756	0
10759	0
10762	0
10764	0
10766	0
10768	0
10770	0
10772	0
10774	0
10776	0
10778	0
10780	0
10782	0
10784	0
10786	0
10788	0
10790	0
10792	0
10794	0
10796	0
10798	0
10800	0
10810	0
10812	0
10814	0
10816	0
10818	0
10820	0
10822	0
10824	0
10826	0
10828	0
10830	0
10832	0
10834	0
10836	0
10838	0
10840	0
10842	0
10844	0
10846	0
10848	0
10850	0
10852	0
10854	0
10856	0
10858	0
10860	0
10862	0
10864	0
10866	0
10876	0
10878	0
10880	0
10882	0
10884	0
10886	0
10888	0
10890	0
10892	0
10894	0
10896	0
10898	0
10900	0
10902	0
10904	0
10906	0
10908	0
10910	0
10912	0
10914	0
10916	0
10918	0
10920	0
10922	0
10924	0
10926	0
10928	0
10930	0
10940	0
10942	0
10944	0
10946	0
10948	0
10950	0
10952	0
10954	0
10956	0
10958	0
10960	0
10962	0
10964	0
10966	0
10968	0
10970	0
10972	0
10974	0
10976	0
10978	0
10980	0
10982	0
10984	0
10986	0
10988	0
10990	0
10992	0
10994	0
10996	0
11006	0
11008	0
11010	0
11012	0
11014	0
11016	0
11018	0
11020	0
11022	0
11024	0
11026	0
11028	0
11030	0
11032	0
11034	0
11036	0
11038	0
11040	0
11042	0
11044	0
11046	0
11048	0
11050	0
11052	0
11054	0
11056	0
11058	0
11060	0
11070	0
11072	0
11074	0
11076	0
11078	0
11080	0
11082	0
11084	0
11086	0
11088	0
11090	0
11092	0
11094	0
11096	0
11098	0
11100	0
11102	0
11104	0
11106	0
11108	0
11110	0
11112	0
11114	0
11116	0
11118	0
11120	0
11122	0
11124	0
11126	0
11136	0
11138	0
11140	0
11142	0
11144	0
11146	0
11148	0
11150	0
11152	0
11154	0
11156	0
11158	0
11160	0
11162	0
11164	0
11166	0
11168	0
11170	0
11172	0
11174	0
11176	0
11178	0
11180	0
11182	0
11184	0
11186	0
11188	0
11190	0
11200	0
11202	0
11204	0
11206	0
11208	0
11210	0
11212	0
11214	0
11216	0
11218	0
11220	0
11222	0
11224	0
11226	0
11228	0
11230	0
11232	0
11234	0
11236	0
11238	0
11240	0
11242	0
11244	0
11246	0
11248	0
11250	0
11252	0
11254	0
11256	0
11266	0
11268	0
11270	0
11272	0
11274	0
11276	0
11278	0
11280	0
11282	0
11284	0
11286	0
11288	0
11290	0
11292	0
11294	0
11296	0
11298	0
11300	0
11302	0
11304	0
11306	0
11308	0
11310	0
11312	0
11314	0
11316	0
11318	0
11320	0
11330	0
11332	0
11334	0
11336	0
11338	0
11340	0
11342	0
11344	0
11346	0
11348	0
11350	0
11352	0
11354	0
11356	0
11358	0
11360	0
11362	0
11364	0
11366	0
11368	0
11370	0
11372	0
11374	0
11376	0
11378	0
11380	0
11382	0
11384	0
11394	0
11396	0
11398	0
11400	0
11402	0
11404	0
11406	0
11408	0
11410	0
11412	0
11414	0
11416	0
11418	0
11420	0
11422	0
11424	0
11426	0
11428	0
11430	0
11432	0
11434	0
11436	0
11438	0
11440	0
11442	0
11444	0
11446	0
11448	0
11450	0
11460	0
11464	0
11467	0
11470	0
11473	0
11476	0
11479	0
11482	0
11485	0
11487	0
11489	0
11491	0
11493	0
11495	0
11497	0
11499	0
11501	0
11503	0
11505	0
11507	0
11509	0
11511	0
11513	0
11515	0
11517	0
11519	0
11521	0
11523	0
11533	0
11535	0
11537	0
11539	0
11541	0
11543	0
11545	0
11547	0
11549	0
11551	0
11553	0
11555	0
11557	0
11559	0
11561	0
11563	0
11565	0
11567	0
11569	0
11571	0
11573	0
11575	0
11577	0
11579	0
11581	0
11583	0
11585	0
11587	0
11589	0
11599	0
11601	0
11603	0
11605	0
11607	0
11609	0
11611	0
11613	0
11615	0
11617	0
11619	0
11621	0
11623	0
11625	0
11627	0
11629	0
11631	0
11633	0
11635	0
11637	0
11639	0
11641	0
11643	0
11645	0
11647	0
11649	0
11651	0
11653	0
11663	0
11665	0
11667	0
11669	0
11671	0
11673	0
11675	0
11677	0
11679	0
11681	0
11683	0
11685	0
11687	0
11689	0
11691	0
11693	0
11695	0
11697	0
11699	0
11701	0
11703	0
11705	0
11707	0
11709	0
11711	0
11713	0
11715	0
11717	0
11719	0
11729	0
11731	0
11733	0
11735	0
11737	0
11739	0
11741	0
11743	0
11745	0
11747	0
11749	0
11751	0
11753	0
11755	0
11757	0
11759	0
11761	0
11763	0
11765	0
11767	0
11769	0
11771	0
11773	0
11775	0
11777	0
11779	0
11781	0
11783	0
11793	0
11795	0
11797	0
11799	0
11801	0
11803	0
11805	0
11807	0
11809	0
11811	0
11813	0
11815	0
11817	0
11819	0
11821	0
11823	0
11825	0
11827	0
11829	0
11831	0
11833	0
11835	0
11837	0
11839	0
11841	0
11843	0
11845	0
11847	0
11849	0
11859	0
11861	0
11863	0
11865	0
11867	0
11869	0
11871	0
11873	0
11875	0
11877	0
11879	0
11881	0
11883	0
11885	0
11887	0
11889	0
11891	0
11893	0
11895	0
11897	0
11899	0
11901	0
11903	0
11905	0
11907	0
11909	0
11911	0
11913	0
11923	0
11925	0
11927	0
11929	0
11931	0
11933	0
11935	0
11937	0
11939	0
11941	0
11943	0
11945	0
11947	0
11949	0
11951	0
11953	0
11955	0
11957	0
11959	0
11961	0
11963	0
11965	0
11967	0
11969	0
11971	0
11973	0
11975	0
11977	0
11987	0
11989	0
11991	0
11993	0
11995	0
11997	0
11999	0
12001	0
12003	0
12005	0
12007	0
12009	0
12011	0
12013	0
12015	0
12017	0
12019	0
12021	0
12023	0
12025	0
12027	0
12029	0
12031	0
12033	0
12035	0
12037	0
12039	0
12041	0
12043	0
12053	0
12055	0
12057	0
12059	0
12061	0
12063	0
12065	0
12067	0
12069	0
12071	0
12073	0
12075	0
12077	0
12079	0
12081	0
12083	0
12085	0
12087	0
12089	0
12091	0
12093	0
12095	0
12097	0
12099	0
12101	0
12103	0
12105	0
12107	0
12117	0
12119	0
12121	0
12123	0
12125	0
12127	0
12129	0
12131	0
12133	0
12135	0
12137	0
12139	0
12141	0
12143	0
12145	0
12147	0
12149	0
12151	0
12153	0
12155	0
12157	0
12159	0
12161	0
12163	0
12165	0
12167	0
12169	0
12171	0
12173	0
12183	0
12187	0
12190	0
12193	0
12196	0
12199	0
12202	0
12205	0
12208	0
12210	0
12212	0
12214	0
12216	0
12218	0
12220	0
12222	0
12224	0
12226	0
12228	0
12230	0
12232	0
12234	0
12236	0
12238	0
12240	0
12242	0
12244	0
12246	0
12256	0
12258	0
12260	0
12262	0
12264	0
12266	0
12268	0
12270	0
12272	0
12274	0
12276	0
12278	0
12280	0
12282	0
12284	0
12286	0
12288	0
12290	0
12292	0
12294	0
12296	0
12298	0
12300	0
12302	0
12304	0
12306	0
12308	0
12310	0
12312	0
12322	0
12324	0
12326	0
12328	0
12330	0
12332	0
12334	0
12336	0
12338	0
12340	0
12342	0
12344	0
12346	0
12348	0
12350	0
12352	0
12354	0
12356	0
12358	0
12360	0
12362	0
12364	0
12366	0
12368	0
12370	0
12372	0
12374	0
12376	0
12386	0
12388	0
12390	0
12392	0
12394	0
12396	0
12398	0
12400	0
12402	0
12404	0
12406	0
12408	0
12410	0
12412	0
12414	0
12416	0
12418	0
12420	0
12422	0
12424	0
12426	0
12428	0
12430	0
12432	0
12434	0
12436	0
12438	0
12440	0
12442	0
12452	0
12454	0
12456	0
12458	0
12460	0
12462	0
12464	0
12466	0
12468	0
12470	0
12472	0
12474	0
12476	0
12478	0
12480	0
12482	0
12484	0
12486	0
12488	0
12490	0
12492	0
12494	0
12496	0
12498	0
12500	0
12502	0
12504	0
12506	0
12516	0
12518	0
12520	0
12522	0
12524	0
12526	0
12528	0
12530	0
12532	0
12534	0
12536	0
12538	0
12540	0
12542	0
12544	0
12546	0
12548	0
12550	0
12552	0
12554	0
12556	0
12558	0
12560	0
12562	0
12564	0
12566	0
12568	0
12570	0
12580	0
12582	0
12584	0
12586	0
12588	0
12590	0
12592	0
12594	0
12596	0
12598	0
12600	0
12602	0
12604	0
12606	0
12608	0
12610	0
12612	0
12614	0
12616	0
12618	0
12620	0
12622	0
12624	0
12626	0
12628	0
12630	0
12632	0
12634	0
12636	0
12646	0
12648	0
12650	0
12652	0
12654	0
12656	0
12658	0
12660	0
12662	0
12664	0
12666	0
12668	0
12670	0
12672	0
12674	0
12676	0
12678	0
12680	0
12682	0
12684	0
12686	0
12688	0
12690	0
12692	0
12694	0
12696	0
12698	0
12700	0
12710	0
12712	0
12714	0
12716	0
12718	0
12720	0
12722	0
12724	0
12726	0
12728	0
12730	0
12732	0
12734	0
12736	0
12738	0
12740	0
12742	0
12744	0
12746	0
12748	0
12750	0
12752	0
12754	0
12756	0
12758	0
12760	0
12762	0
12764	0
12766	0
12776	0
12778	0
12780	0
12782	0
12784	0
12786	0
12788	0
12790	0
12792	0
12794	0
12796	0
12798	0
12800	0
12802	0
12804	0
12806	0
12808	0
12810	0
12812	0
12814	0
12816	0
12818	0
12820	0
12822	0
12824	0
12826	0
12828	0
12830	0
12840	0
12842	0
12844	0
12846	0
12848	0
12850	0
12852	0
12854	0
12856	0
12858	0
12860	0
12862	0
12864	0
12866	0
12868	0
12870	0
12872	0
12874	0
12876	0
12878	0
12880	0
12882	0
12884	0
12886	0
12888	0
12890	0
12892	0
12894	0
12896	0
12906	0
12910	0
12913	0
12916	0
12919	0
12922	0
12925	0
12928	0
12931	0
12933	0
12935	0
12937	0
12939	0
12941	0
12943	0
12945	0
12947	0
12949	0
12951	0
12953	0
12955	0
12957	0
12959	0
12961	0
12963	0
12965	0
12967	0
12969	0
12979	0
12981	0
12983	0
12985	0
12987	0
12989	0
12991	0
12993	0
12995	0
12997	0
12999	0
13001	0
13003	0
13005	0
13007	0
13009	0
13011	0
13013	0
13015	0
13017	0
13019	0
13021	0
13023	0
13025	0
13027	0
13029	0
13031	0
13033	0
13035	0
13045	0
13047	0
13049	0
13051	0
13053	0
13055	0
13057	0
13059	0
13061	0
13063	0
13065	0
13067	0
13069	0
13071	0
13073	0
13075	0
13077	0
13079	0
13081	0
13083	0
13085	0
13087	0
13089	0
13091	0
13093	0
13095	0
13097	0
13099	0
13109	0
13111	0
13113	0
13115	0
13117	0
13119	0
13121	0
13123	0
13125	0
13127	0
13129	0
13131	0
13133	0
13135	0
13137	0
13139	0
13141	0
13143	0
13145	0
13147	0
13149	0
13151	0
13153	0
13155	0
13157	0
13159	0
13161	0
13163	0
13173	0
13175	0
13177	0
13179	0
13181	0
13183	0
13185	0
13187	0
13189	0
13191	0
13193	0
13195	0
13197	0
13199	0
13201	0
13203	0
13205	0
13207	0
13209	0
13211	0
13213	0
13215	0
13217	0
13219	0
13221	0
13223	0
13225	0
13227	0
13229	0
13239	0
13241	0
13243	0
13245	0
13247	0
13249	0
13251	0
13253	0
13255	0
13257	0
13259	0
13261	0
13263	0
13265	0
13267	0
13269	0
13271	0
13273	0
13275	0
13277	0
13279	0
13281	0
13283	0
13285	0
13287	0
13289	0
13291	0
13293	0
13303	0
13305	0
13307	0
13309	0
13311	0
13313	0
13315	0
13317	0
13319	0
13321	0
13323	0
13325	0
13327	0
13329	0
13331	0
13333	0
13335	0
13337	0
13339	0
13341	0
13343	0
13345	0
13347	0
13349	0
13351	0
13353	0
13355	0
13357	0
13359	0
13369	0
13371	0
13373	0
13375	0
13377	0
13379	0
13381	0
13383	0
13385	0
13387	0
13389	0
13391	0
13393	0
13395	0
13397	0
13399	0
13401	0
13403	0
13405	0
13407	0
13409	0
13411	0
13413	0
13415	0
13417	0
13419	0
13421	0
13423	0
13433	0
13435	0
13437	0
13439	0
13441	0
13443	0
13445	0
13447	0
13449	0
13451	0
13453	0
13455	0
13457	0
13459	0
13461	0
13463	0
13465	0
13467	0
13469	0
13471	0
13473	0
13475	0
13477	0
13479	0
13481	0
13483	0
13485	0
13487	0
13489	0
13499	0
13501	0
13503	0
13505	0
13507	0
13509	0
13511	0
13513	0
13515	0
13517	0
13519	0
13521	0
13523	0
13525	0
13527	0
13529	0
13531	0
13533	0
13535	0
13537	0
13539	0
13541	0
13543	0
13545	0
13547	0
13549	0
13551	0
13553	0
13563	0
13565	0
13567	0
13569	0
13571	0
13573	0
13575	0
13577	0
13579	0
13581	0
13583	0
13585	0
13587	0
13589	0
13591	0
13593	0
13595	0
13597	0
13599	0
13601	0
13603	0
13605	0
13607	0
13609	0
13611	0
13613	0
13615	0
13617	0
13619	0
13629	0
13633	0
13636	0
13639	0
13642	0
13645	0
13648	0
13651	0
13654	0
13656	0
13658	0
13660	0
13662	0
13664	0
13666	0
13668	0
13670	0
13672	0
13674	0
13676	0
13678	0
13680	0
13682	0
13684	0
13686	0
13688	0
13690	0
13692	0
13702	0
13704	0
13706	0
13708	0
13710	0
13712	0
13714	0
13716	0
13718	0
13720	0
13722	0
13724	0
13726	0
13728	0
13730	0
13732	0
13734	0
13736	0
13738	0
13740	0
13742	0
13744	0
13746	0
13748	0
13750	0
13752	0
13754	0
13756	0
13766	0
13768	0
13770	0
13772	0
13774	0
13776	0
13778	0
13780	0
13782	0
13784	0
13786	0
13788	0
13790	0
13792	0
13794	0
13796	0
13798	0
13800	0
13802	0
13804	0
13806	0
13808	0
13810	0
13812	0
13814	0
13816	0
13818	0
13820	0
13822	0
13832	0
13834	0
13836	0
13838	0
13840	0
13842	0
13844	0
13846	0
13848	0
13850	0
13852	0
13854	0
13856	0
13858	0
13860	0
13862	0
13864	0
13866	0
13868	0
13870	0
13872	0
13874	0
13876	0
13878	0
13880	0
13882	0
13884	0
13886	0
13896	0
13898	0
13900	0
13902	0
13904	0
13906	0
13908	0
13910	0
13912	0
13914	0
13916	0
13918	0
13920	0
13922	0
13924	0
13926	0
13928	0
13930	0
13932	0
13934	0
13936	0
13938	0
13940	0
13942	0
13944	0
13946	0
13948	0
13950	0
13952	0
13962	0
13964	0
13966	0
13968	0
13970	0
13972	0
13974	0
13976	0
13978	0
13980	0
13982	0
13984	0
13986	0
13988	0
13990	0
13992	0
13994	0
13996	0
13998	0
14000	0
14002	0
14004	0
14006	0
14008	0
14010	0
14012	0
14014	0
14016	0
14026	0
14028	0
14030	0
14032	0
14034	0
14036	0
14038	0
14040	0
14042	0
14044	0
14046	0
14048	0
14050	0
14052	0
14054	0
14056	0
14058	0
14060	0
14062	0
14064	0
14066	0
14068	0
14070	0
14072	0
14074	0
14076	0
14078	0
14080	0
14082	0
14092	0
14094	0
14096	0
14098	0
14100	0
14102	0
14104	0
14106	0
14108	0
14110	0
14112	0
14114	0
14116	0
14118	0
14120	0
14122	0
14124	0
14126	0
14128	0
14130	0
14132	0
14134	0
14136	0
14138	0
14140	0
14142	0
14144	0
14146	0
14156	0
14158	0
14160	0
14162	0
14164	0
14166	0
14168	0
14170	0
14172	0
14174	0
14176	0
14178	0
14180	0
14182	0
14184	0
14186	0
14188	0
14190	0
14192	0
14194	0
14196	0
14198	0
14200	0
14202	0
14204	0
14206	0
14208	0
14210	0
14212	0
14222	0
14224	0
14226	0
14228	0
14230	0
14232	0
14234	0
14236	0
14238	0
14240	0
14242	0
14244	0
14246	0
14248	0
14250	0
14252	0
14254	0
14256	0
14258	0
14260	0
14262	0
14264	0
14266	0
14268	0
14270	0
14272	0
14274	0
14276	0
14286	0
14288	0
14290	0
14292	0
14294	0
14296	0
14298	0
14300	0
14302	0
14304	0
14306	0
14308	0
14310	0
14312	0
14314	0
14316	0
14318	0
14320	0
14322	0
14324	0
14326	0
14328	0
14330	0
14332	0
14334	0
14336	0
14338	0
14340	0
14350	0
14352	0
14356	0
14359	0
14362	0
14365	0
14368	0
14371	0
14374	0
14377	0
14379	0
14381	0
14383	0
14385	0
14387	0
14389	0
14391	0
14393	0
14395	0
14397	0
14399	0
14401	0
14403	0
14405	0
14407	0
14409	0
14411	0
14413	0
14415	0
14425	0
14427	0
14429	0
14431	0
14433	0
14435	0
14437	0
14439	0
14441	0
14443	0
14445	0
14447	0
14449	0
14451	0
14453	0
14455	0
14457	0
14459	0
14461	0
14463	0
14465	0
14467	0
14469	0
14471	0
14473	0
14475	0
14477	0
14479	0
14489	0
14491	0
14493	0
14495	0
14497	0
14499	0
14501	0
14503	0
14505	0
14507	0
14509	0
14511	0
14513	0
14515	0
14517	0
14519	0
14521	0
14523	0
14525	0
14527	0
14529	0
14531	0
14533	0
14535	0
14537	0
14539	0
14541	0
14543	0
14545	0
14555	0
14557	0
14559	0
14561	0
14563	0
14565	0
14567	0
14569	0
14571	0
14573	0
14575	0
14577	0
14579	0
14581	0
14583	0
14585	0
14587	0
14589	0
14591	0
14593	0
14595	0
14597	0
14599	0
14601	0
14603	0
14605	0
14607	0
14609	0
14619	0
14621	0
14623	0
14625	0
14627	0
14629	0
14631	0
14633	0
14635	0
14637	0
14639	0
14641	0
14643	0
14645	0
14647	0
14649	0
14651	0
14653	0
14655	0
14657	0
14659	0
14661	0
14663	0
14665	0
14667	0
14669	0
14671	0
14673	0
14675	0
14685	0
14687	0
14689	0
14691	0
14693	0
14695	0
14697	0
14699	0
14701	0
14703	0
14705	0
14707	0
14709	0
14711	0
14713	0
14715	0
14717	0
14719	0
14721	0
14723	0
14725	0
14727	0
14729	0
14731	0
14733	0
14735	0
14737	0
14739	0
14749	0
14751	0
14753	0
14755	0
14757	0
14759	0
14761	0
14763	0
14765	0
14767	0
14769	0
14771	0
14773	0
14775	0
14777	0
14779	0
14781	0
14783	0
14785	0
14787	0
14789	0
14791	0
14793	0
14795	0
14797	0
14799	0
14801	0
14803	0
14805	0
14815	0
14817	0
14819	0
14821	0
14823	0
14825	0
14827	0
14829	0
14831	0
14833	0
14835	0
14837	0
14839	0
14841	0
14843	0
14845	0
14847	0
14849	0
14851	0
14853	0
14855	0
14857	0
14859	0
14861	0
14863	0
14865	0
14867	0
14869	0
14879	0
14881	0
14883	0
14885	0
14887	0
14889	0
14891	0
14893	0
14895	0
14897	0
14899	0
14901	0
14903	0
14905	0
14907	0
14909	0
14911	0
14913	0
14915	0
14917	0
14919	0
14921	0
14923	0
14925	0
14927	0
14929	0
14931	0
14933	0
14943	0
14945	0
14947	0
14949	0
14951	0
14953	0
14955	0
14957	0
14959	0
14961	0
14963	0
14965	0
14967	0
14969	0
14971	0
14973	0
14975	0
14977	0
14979	0
14981	0
14983	0
14985	0
14987	0
14989	0
14991	0
14993	0
14995	0
14997	0
14999	0
15009	0
15011	0
15013	0
15015	0
15017	0
15019	0
15021	0
15023	0
15025	0
15027	0
15029	0
15031	0
15033	0
15035	0
15037	0
15039	0
15041	0
15043	0
15045	0
15047	0
15049	0
15051	0
15053	0
15055	0
15057	0
15059	0
15061	0
15063	0
15073	0
15075	0
15079	0
15082	0
15085	0
15088	0
15091	0
15094	0
15097	0
15100	0
15102	0
15104	0
15106	0
15108	0
15110	0
15112	0
15114	0
15116	0
15118	0
15120	0
15122	0
15124	0
15126	0
15128	0
15130	0
15132	0
15134	0
15136	0
15138	0
15148	0
15150	0
15152	0
15154	0
15156	0
15158	0
15160	0
15162	0
15164	0
15166	0
15168	0
15170	0
15172	0
15174	0
15176	0
15178	0
15180	0
15182	0
15184	0
15186	0
15188	0
15190	0
15192	0
15194	0
15196	0
15198	0
15200	0
15202	0
15212	0
15214	0
15216	0
15218	0
15220	0
15222	0
15224	0
15226	0
15228	0
15230	0
15232	0
15234	0
15236	0
15238	0
15240	0
15242	0
15244	0
15246	0
15248	0
15250	0
15252	0
15254	0
15256	0
15258	0
15260	0
15262	0
15264	0
15266	0
15268	0
15278	0
15280	0
15282	0
15284	0
15286	0
15288	0
15290	0
15292	0
15294	0
15296	0
15298	0
15300	0
15302	0
15304	0
15306	0
15308	0
15310	0
15312	0
15314	0
15316	0
15318	0
15320	0
15322	0
15324	0
15326	0
15328	0
15330	0
15332	0
15342	0
15344	0
15346	0
15348	0
15350	0
15352	0
15354	0
15356	0
15358	0
15360	0
15362	0
15364	0
15366	0
15368	0
15370	0
15372	0
15374	0
15376	0
15378	0
15380	0
15382	0
15384	0
15386	0
15388	0
15390	0
15392	0
15394	0
15396	0
15398	0
15408	0
15410	0
15412	0
15414	0
15416	0
15418	0
15420	0
15422	0
15424	0
15426	0
15428	0
15430	0
15432	0
15434	0
15436	0
15438	0
15440	0
15442	0
15444	0
15446	0
15448	0
15450	0
15452	0
15454	0
15456	0
15458	0
15460	0
15462	0
15472	0
15474	0
15476	0
15478	0
15480	0
15482	0
15484	0
15486	0
15488	0
15490	0
15492	0
15494	0
15496	0
15498	0
15500	0
15502	0
15504	0
15506	0
15508	0
15510	0
15512	0
15514	0
15516	0
15518	0
15520	0
15522	0
15524	0
15526	0
15536	0
15538	0
15540	0
15542	0
15544	0
15546	0
15548	0
15550	0
15552	0
15554	0
15556	0
15558	0
15560	0
15562	0
15564	0
15566	0
15568	0
15570	0
15572	0
15574	0
15576	0
15578	0
15580	0
15582	0
15584	0
15586	0
15588	0
15590	0
15592	0
15602	0
15604	0
15606	0
15608	0
15610	0
15612	0
15614	0
15616	0
15618	0
15620	0
15622	0
15624	0
15626	0
15628	0
15630	0
15632	0
15634	0
15636	0
15638	0
15640	0
15642	0
15644	0
15646	0
15648	0
15650	0
15652	0
15654	0
15656	0
15666	0
15668	0
15670	0
15672	0
15674	0
15676	0
15678	0
15680	0
15682	0
15684	0
15686	0
15688	0
15690	0
15692	0
15694	0
15696	0
15698	0
15700	0
15702	0
15704	0
15706	0
15708	0
15710	0
15712	0
15714	0
15716	0
15718	0
15720	0
15722	0
15732	0
15734	0
15736	0
15738	0
15740	0
15742	0
15744	0
15746	0
15748	0
15750	0
15752	0
15754	0
15756	0
15758	0
15760	0
15762	0
15764	0
15766	0
15768	0
15770	0
15772	0
15774	0
15776	0
15778	0
15780	0
15782	0
15784	0
15786	0
15796	0
15798	0
15803	0
15806	0
15809	0
15812	0
15815	0
15818	0
15821	0
15823	0
15825	0
15827	0
15829	0
15831	0
15833	0
15835	0
15837	0
15839	0
15841	0
15843	0
15845	0
15847	0
15849	0
15851	0
15853	0
15855	0
15857	0
15859	0
15861	0
15871	0
15873	0
15875	0
15877	0
15879	0
15881	0
15883	0
15885	0
15887	0
15889	0
15891	0
15893	0
15895	0
15897	0
15899	0
15901	0
15903	0
15905	0
15907	0
15909	0
15911	0
15913	0
15915	0
15917	0
15919	0
15921	0
15923	0
15925	0
15935	0
15937	0
15939	0
15941	0
15943	0
15945	0
15947	0
15949	0
15951	0
15953	0
15955	0
15957	0
15959	0
15961	0
15963	0
15965	0
15967	0
15969	0
15971	0
15973	0
15975	0
15977	0
15979	0
15981	0
15983	0
15985	0
15987	0
15989	0
15991	0
16001	0
16003	0
16005	0
16007	0
16009	0
16011	0
16013	0
16015	0
16017	0
16019	0
16021	0
16023	0
16025	0
16027	0
16029	0
16031	0
16033	0
16035	0
16037	0
16039	0
16041	0
16043	0
16045	0
16047	0
16049	0
16051	0
16053	0
16055	0
16065	0
16067	0
16069	0
16071	0
16073	0
16075	0
16077	0
16079	0
16081	0
16083	0
16085	0
16087	0
16089	0
16091	0
16093	0
16095	0
16097	0
16099	0
16101	0
16103	0
16105	0
16107	0
16109	0
16111	0
16113	0
16115	0
16117	0
16119	0
16129	0
16131	0
16133	0
16135	0
16137	0
16139	0
16141	0
16143	0
16145	0
16147	0
16149	0
16151	0
16153	0
16155	0
16157	0
16159	0
16161	0
16163	0
16165	0
16167	0
16169	0
16171	0
16173	0
16175	0
16177	0
16179	0
16181	0
16183	0
16185	0
16195	0
16197	0
16199	0
16201	0
16203	0
16205	0
16207	0
16209	0
16211	0
16213	0
16215	0
16217	0
16219	0
16221	0
16223	0
16225	0
16227	0
16229	0
16231	0
16233	0
16235	0
16237	0
16239	0
16241	0
16243	0
16245	0
16247	0
16249	0
16259	0
16261	0
16263	0
16265	0
16267	0
16269	0
16271	0
16273	0
16275	0
16277	0
16279	0
16281	0
16283	0
16285	0
16287	0
16289	0
16291	0
16293	0
16295	0
16297	0
16299	0
16301	0
16303	0
16305	0
16307	0
16309	0
16311	0
16313	0
16315	0
16325	0
16327	0
16329	0
16331	0
16333	0
16335	0
16337	0
16339	0
16341	0
16343	0
16345	0
16347	0
16349	0
16351	0
16353	0
16355	0
16357	0
16359	0
16361	0
16363	0
16365	0
16367	0
16369	0
16371	0
16373	0
16375	0
16377	0
16379	0
16389	0
16391	0
16393	0
16395	0
16397	0
16399	0
16401	0
16403	0
16405	0
16407	0
16409	0
16411	0
16413	0
16415	0
16417	0
16419	0
16421	0
16423	0
16425	0
16427	0
16429	0
16431	0
16433	0
16435	0
16437	0
16439	0
16441	0
16443	0
16445	0
16455	0
16457	0
16459	0
16461	0
16463	0
16465	0
16467	0
16469	0
16471	0
16473	0
16475	0
16477	0
16479	0
16481	0
16483	0
16485	0
16487	0
16489	0
16491	0
16493	0
16495	0
16497	0
16499	0
16501	0
16503	0
16505	0
16507	0
16509	0
16519	0
16521	0
16524	0
16527	0
16530	0
16533	0
16536	0
16539	0
16542	0
16545	0
16547	0
16549	0
16551	0
16553	0
16555	0
16557	0
16559	0
16561	0
16563	0
16565	0
16567	0
16569	0
16571	0
16573	0
16575	0
16577	0
16579	0
16581	0
16583	0
16593	0
16595	0
16597	0
16599	0
16601	0
16603	0
16605	0
16607	0
16609	0
16611	0
16613	0
16615	0
16617	0
16619	0
16621	0
16623	0
16625	0
16627	0
16629	0
16631	0
16633	0
16635	0
16637	0
16639	0
16641	0
16643	0
16645	0
16647	0
16657	0
16659	0
16661	0
16663	0
16665	0
16667	0
16669	0
16671	0
16673	0
16675	0
16677	0
16679	0
16681	0
16683	0
16685	0
16687	0
16689	0
16691	0
16693	0
16695	0
16697	0
16699	0
16701	0
16703	0
16705	0
16707	0
16709	0
16711	0
16721	0
16723	0
16725	0
16727	0
16729	0
16731	0
16733	0
16735	0
16737	0
16739	0
16741	0
16743	0
16745	0
16747	0
16749	0
16751	0
16753	0
16755	0
16757	0
16759	0
16761	0
16763	0
16765	0
16767	0
16769	0
16771	0
16773	0
16775	0
16777	0
16787	0
16789	0
16791	0
16793	0
16795	0
16797	0
16799	0
16801	0
16803	0
16805	0
16807	0
16809	0
16811	0
16813	0
16815	0
16817	0
16819	0
16821	0
16823	0
16825	0
16827	0
16829	0
16831	0
16833	0
16835	0
16837	0
16839	0
16841	0
16851	0
16853	0
16855	0
16857	0
16859	0
16861	0
16863	0
16865	0
16867	0
16869	0
16871	0
16873	0
16875	0
16877	0
16879	0
16881	0
16883	0
16885	0
16887	0
16889	0
16891	0
16893	0
16895	0
16897	0
16899	0
16901	0
16903	0
16905	0
16907	0
16917	0
16919	0
16921	0
16923	0
16925	0
16927	0
16929	0
16931	0
16933	0
16935	0
16937	0
16939	0
16941	0
16943	0
16945	0
16947	0
16949	0
16951	0
16953	0
16955	0
16957	0
16959	0
16961	0
16963	0
16965	0
16967	0
16969	0
16971	0
16981	0
16983	0
16985	0
16987	0
16989	0
16991	0
16993	0
16995	0
16997	0
16999	0
17001	0
17003	0
17005	0
17007	0
17009	0
17011	0
17013	0
17015	0
17017	0
17019	0
17021	0
17023	0
17025	0
17027	0
17029	0
17031	0
17033	0
17035	0
17037	0
17047	0
17049	0
17051	0
17053	0
17055	0
17057	0
17059	0
17061	0
17063	0
17065	0
17067	0
17069	0
17071	0
17073	0
17075	0
17077	0
17079	0
17081	0
17083	0
17085	0
17087	0
17089	0
17091	0
17093	0
17095	0
17097	0
17099	0
17101	0
17111	0
17113	0
17115	0
17117	0
17119	0
17121	0
17123	0
17125	0
17127	0
17129	0
17131	0
17133	0
17135	0
17137	0
17139	0
17141	0
17143	0
17145	0
17147	0
17149	0
17151	0
17153	0
17155	0
17157	0
17159	0
17161	0
17163	0
17165	0
17167	0
17177	0
17179	0
17181	0
17183	0
17185	0
17187	0
17189	0
17191	0
17193	0
17195	0
17197	0
17199	0
17201	0
17203	0
17205	0
17207	0
17209	0
17211	0
17213	0
17215	0
17217	0
17219	0
17221	0
17223	0
17225	0
17227	0
17229	0
17231	0
17241	0
17243	0
17248	0
17251	0
17254	0
17257	0
17260	0
17263	0
17266	0
17268	0
17270	0
17272	0
17274	0
17276	0
17278	0
17280	0
17282	0
17284	0
17286	0
17288	0
17290	0
17292	0
17294	0
17296	0
17298	0
17300	0
17302	0
17304	0
17314	0
17316	0
17318	0
17320	0
17322	0
17324	0
17326	0
17328	0
17330	0
17332	0
17334	0
17336	0
17338	0
17340	0
17342	0
17344	0
17346	0
17348	0
17350	0
17352	0
17354	0
17356	0
17358	0
17360	0
17362	0
17364	0
17366	0
17368	0
17370	0
17380	0
17382	0
17384	0
17386	0
17388	0
17390	0
17392	0
17394	0
17396	0
17398	0
17400	0
17402	0
17404	0
17406	0
17408	0
17410	0
17412	0
17414	0
17416	0
17418	0
17420	0
17422	0
17424	0
17426	0
17428	0
17430	0
17432	0
17434	0
17444	0
17446	0
17448	0
17450	0
17452	0
17454	0
17456	0
17458	0
17460	0
17462	0
17464	0
17466	0
17468	0
17470	0
17472	0
17474	0
17476	0
17478	0
