1	45
12	45
23	45
34	47
45	47
56	47
67	48
78	47
89	46
100	45
111	45
122	44
133	45
144	44
155	44
166	43
177	44
188	44
199	44
210	44
221	47
232	50
243	53
254	54
265	55
276	56
287	55
298	55
309	55
320	55
331	55
342	54
353	54
364	53
383	50
394	47
405	45
416	43
427	43
438	43
449	43
460	43
471	43
482	43
493	43
504	43
515	43
526	42
540	43
551	43
562	43
573	45
584	48
595	50
606	52
617	54
628	55
639	56
650	56
661	55
672	55
683	55
694	55
705	55
716	54
727	52
746	47
757	45
768	43
779	43
790	43
801	43
812	43
823	43
834	42
845	41
856	42
867	43
878	43
889	43
900	43
911	45
922	47
933	49
944	50
955	52
966	54
977	55
988	55
999	54
1010	54
1021	54
1032	54
1043	53
1054	52
1065	49
1076	47
1095	43
1106	42
1117	42
1128	43
1139	42
1150	42
1161	43
1172	42
1183	42
1194	42
1205	42
1216	42
1227	42
1238	43
1249	43
1260	45
1271	48
1282	50
1293	53
1304	54
1315	55
1326	55
1337	55
1348	55
1359	55
1370	54
1381	54
1392	54
1412	52
1423	50
1434	47
1445	43
1456	43
1467	43
1478	43
1489	43
1500	43
1511	43
1522	43
1533	42
1544	42
1555	42
1566	42
1577	43
1588	42
1599	44
1610	44
1621	47
1632	51
1643	53
1654	55
1665	55
1676	56
1687	56
1698	55
1709	55
1720	55
1739	55
1750	54
1761	52
1772	50
1783	47
1794	44
1805	43
1816	43
1827	43
1838	44
1849	43
1860	43
1871	43
1882	42
1893	43
1904	43
1915	42
1926	43
1937	43
1948	43
1959	45
1970	46
1981	50
1992	53
2003	55
2014	55
2025	56
2036	56
2055	55
2066	55
2077	55
2088	55
2099	54
2110	53
2121	51
2132	49
2143	45
2154	44
2165	43
2176	42
2187	43
2198	43
2209	43
2220	42
2231	42
2242	42
2253	42
2264	43
2275	43
2286	42
2297	44
2308	46
2319	50
2330	52
2341	54
2352	55
2363	55
2382	55
2393	55
2404	55
2415	55
2426	54
2437	52
2448	50
2459	45
2470	43
2481	43
2492	42
2503	43
2514	43
2525	42
2536	42
2547	42
2558	43
2569	42
2580	42
2591	42
2602	43
2613	45
2624	48
2635	50
2646	51
2657	53
2668	54
2679	55
2698	55
2709	54
2720	54
2731	54
2742	54
2753	52
2764	50
2775	46
2786	43
2797	42
2808	43
2819	42
2830	42
2841	42
2852	42
2863	42
2874	41
2885	42
2896	42
2907	43
2918	42
2929	43
2940	44
2951	48
2962	49
2973	52
2984	53
2995	54
3006	55
3025	55
3036	55
3047	54
3058	54
3069	54
3080	54
3091	52
3102	50
3113	46
3124	43
3135	43
3146	43
3157	43
3168	43
3179	42
3190	42
3201	42
3212	42
3223	43
3234	43
3245	43
3256	42
3267	43
3278	43
3289	44
3300	45
3311	47
3322	50
3341	53
3352	54
3363	55
3374	56
3385	56
3396	55
3407	54
3418	54
3429	54
3440	52
3451	50
3462	48
3473	45
3484	44
3495	43
3506	43
3517	43
3528	43
3539	43
3550	43
3561	43
3572	42
3583	43
3594	43
3605	43
3616	44
3627	44
3638	45
3658	49
3669	52
3680	54
3691	55
3702	56
3713	56
3724	56
3735	56
3746	55
3757	55
3768	55
3779	55
3790	54
3801	53
3812	51
3823	48
3834	45
3845	43
3856	43
3867	43
3878	42
3889	42
3900	43
3911	42
3922	43
3933	42
3944	42
3955	43
3966	43
3985	43
3996	45
4007	47
4018	49
4029	52
4040	54
4051	55
4062	56
4073	55
4084	55
4098	54
4109	54
4120	54
4131	53
4142	51
4153	48
4164	46
4175	43
4186	43
4197	43
4208	43
4219	43
4230	43
4241	43
4252	42
4263	42
4274	42
4285	41
4305	42
4316	42
4327	42
4338	43
4349	44
4360	46
4371	48
4382	51
4393	53
4404	54
4415	55
4426	55
4437	55
4448	54
4459	54
4470	54
4481	52
4492	50
4503	48
4514	46
4525	43
4536	42
4547	42
4558	42
4569	43
4580	43
4591	43
4602	42
4613	42
4632	42
4643	42
4654	42
4665	43
4676	42
4687	43
4698	43
4709	44
4720	46
4731	49
4742	53
4753	54
4764	55
4775	56
4786	56
4797	56
4808	55
4819	56
4830	55
4841	54
4852	53
4863	51
4874	47
4885	44
4896	43
4907	43
4918	43
4929	43
4948	42
4959	43
4970	43
4981	43
4992	43
5003	43
5014	43
5025	43
5036	43
5047	43
5058	45
5069	47
5080	49
5091	52
5102	53
5113	54
5124	55
5135	55
5146	55
5157	55
5168	54
5179	54
5190	53
5201	52
5212	49
5223	46
5234	44
5245	43
5256	43
5275	42
5286	43
5297	43
5308	42
5319	42
5330	43
5341	43
5352	43
5363	43
5374	43
5385	42
5396	42
5407	43
5418	44
5429	47
5440	50
5451	52
5462	54
5473	55
5484	56
5495	56
5506	55
5517	55
5528	55
5539	55
5550	55
5561	53
5572	51
5591	46
5602	44
5613	43
5624	43
5635	42
5646	43
5657	42
5668	43
5679	42
5690	42
5701	42
5712	42
5723	43
5734	42
5746	42
5757	43
5768	44
5779	48
5790	50
5801	52
5812	54
5823	55
5834	55
5845	56
5856	55
5867	55
5878	55
5889	55
5900	55
5919	52
5930	50
5941	46
5952	44
5963	42
5974	42
5985	42
5996	43
6007	42
6018	43
6029	42
6040	42
6051	42
6062	43
6073	42
6084	43
6095	43
6106	45
6117	49
6128	51
6139	54
6150	55
6161	55
6172	56
6183	55
6194	55
6205	55
6216	55
6235	55
6246	55
6257	55
6268	54
6279	53
6290	51
6301	47
6312	45
6323	44
6334	43
6345	42
6356	43
6367	43
6378	43
6389	43
6400	42
6411	43
6422	43
6433	43
6444	43
6455	43
6466	46
6477	49
6488	52
6499	54
6510	55
6521	55
6532	55
6552	55
6563	54
6574	54
6585	53
6596	53
6607	51
6618	48
6629	45
6640	43
6651	43
6662	43
6673	43
6684	43
6695	43
6706	43
6717	43
6728	42
6739	43
6750	43
6761	43
6772	43
6783	42
6794	44
6805	46
6816	47
6827	51
6838	53
6849	55
6860	55
6879	56
6890	55
6901	55
6912	55
6923	55
6934	53
6945	51
6956	49
6967	46
6978	44
6989	43
7000	42
7011	43
7022	43
7033	43
7044	43
7055	42
7066	43
7077	42
7088	42
7099	42
7110	42
7121	43
7132	42
7143	43
7154	45
7165	48
7176	51
7196	54
7207	55
7218	55
7229	56
7240	55
7251	55
7262	55
7273	55
7284	55
7295	54
7306	54
7317	52
7328	49
7339	46
7350	45
7361	43
7372	43
7383	42
7394	42
7405	43
7416	43
7427	43
7438	42
7449	42
7460	42
7471	43
7482	42
7493	42
7504	44
7523	49
7534	52
7545	53
7556	55
7567	55
7578	56
7589	56
7600	55
7611	55
7622	55
7633	55
7644	55
7658	55
7669	54
7680	52
7691	50
7702	47
7713	44
7724	43
7735	43
7746	43
7757	43
7768	43
7779	43
7790	43
7801	42
7812	43
7823	43
7842	43
7853	42
7864	44
7875	45
7886	47
7897	51
7908	53
7919	55
7930	56
7941	56
7952	56
7963	56
7974	55
7985	55
7996	55
8007	55
8018	53
8029	51
8040	48
8051	45
8062	43
8073	43
8084	43
8095	43
8106	44
8117	43
8128	42
8139	43
8150	43
8169	43
8180	43
8191	43
8202	43
8213	44
8224	46
8235	48
8246	51
8257	53
8268	54
8279	55
8290	55
8301	55
8312	55
8323	54
8334	53
8345	52
8356	50
8367	47
8378	45
8389	43
8400	43
8411	43
8422	43
8433	43
8444	43
8455	43
8466	43
8485	42
8496	43
8507	43
8518	44
8529	43
8540	43
8551	46
8562	48
8573	51
8584	53
8595	54
8606	55
8617	55
8628	55
8639	55
8650	55
8661	55
8672	54
8683	53
8694	51
8705	48
8716	45
8727	43
8738	43
8749	43
8760	43
8771	43
8782	42
8793	42
8812	42
8823	43
8834	42
8845	43
8856	43
8867	43
8878	45
8889	47
8900	49
8911	52
8922	53
8933	55
8944	56
8955	56
8966	55
8977	55
8988	55
8999	55
9010	55
9021	54
9032	52
9043	49
9054	46
9065	44
9076	43
9087	42
9098	43
9109	42
9128	43
9139	43
9150	43
9161	42
9172	43
9183	43
9194	43
9205	43
9216	44
9227	46
9238	48
9249	52
9260	53
9271	55
9282	55
9293	55
9304	55
9315	54
9326	55
9337	55
9348	54
9359	53
9370	51
9381	48
9392	46
9403	44
9414	44
9425	43
9445	43
9456	43
9467	43
9478	43
9489	43
9500	43
9511	43
9522	43
9533	43
9544	43
9555	44
9566	46
9577	48
9588	51
9599	53
9610	54
9621	55
9632	55
9643	55
9654	54
9665	54
9676	53
9687	52
9698	51
9709	49
9720	47
9731	44
9742	43
9753	43
9772	44
9783	43
9794	43
9805	42
9816	43
9827	43
9838	43
9849	42
9860	42
9871	43
9882	43
9893	43
9904	45
9915	47
9926	49
9937	51
9948	53
9959	55
9970	55
9981	56
9992	55
10003	55
10015	55
10027	55
10039	55
10051	53
10063	52
10075	49
10094	44
10106	43
10118	43
10130	42
10142	43
10154	43
10166	43
10178	43
10190	43
10202	42
10214	43
10226	43
10238	43
10250	43
10262	46
10274	49
10286	52
10298	54
10310	55
10322	56
10334	56
10346	55
10358	55
10370	55
10382	54
10402	52
10414	49
10426	46
10438	43
10450	43
10462	42
10474	43
10486	43
10498	43
10510	43
10522	42
10534	42
10546	43
10558	43
10570	43
10582	43
10594	43
10606	46
10618	48
10630	51
10642	53
10654	55
10666	55
10678	55
10690	55
10702	54
10721	54
10733	52
10745	49
10757	45
10769	43
10781	42
10793	43
10805	43
10817	42
10829	42
10841	42
10853	42
10865	43
10877	42
10889	43
10901	42
10913	44
10925	46
10937	49
10949	52
10961	54
10973	55
10985	56
10997	55
11009	55
11029	55
11041	55
11053	54
11065	52
11077	48
11089	45
11101	43
11113	42
11125	43
11137	43
11149	43
11161	43
11173	42
11185	42
11197	42
11209	43
11223	42
11235	44
11247	46
11259	48
11271	52
11283	53
11295	54
11307	55
11319	55
11331	54
11350	53
11362	53
11374	52
11386	49
11398	45
11410	43
11422	43
11434	42
11446	43
11458	44
11470	43
11482	43
11494	43
11506	42
11518	42
11530	42
11542	43
11554	44
11566	46
11578	49
11590	52
11602	54
11614	55
11626	55
11638	55
11650	55
11669	55
11681	55
11693	54
11705	52
11717	49
11729	46
11741	43
11753	42
11765	43
11777	43
11789	43
11801	43
11813	42
11825	42
11837	43
11849	43
11861	43
11873	42
11885	43
11897	43
11909	44
11921	47
11933	50
11945	53
11957	54
11977	55
11989	55
12001	55
12013	55
12025	54
12037	54
12049	52
12061	51
12073	47
12085	45
12097	43
12109	42
12121	43
12133	42
12145	43
12157	42
12169	42
12181	42
12193	42
12205	43
12217	43
12229	42
12241	42
12253	43
12265	45
12277	48
12296	52
12308	54
12320	55
12332	56
12344	55
12356	55
12368	55
12380	55
12392	55
12404	55
12416	53
12428	52
12440	49
12452	45
12464	43
12476	42
12488	42
12500	43
12512	43
12524	42
12536	42
12548	42
12560	42
12572	42
12584	42
12604	43
12616	44
12628	47
12640	50
12652	53
12664	55
12676	56
12688	56
12700	55
12712	55
12724	55
12736	55
12748	54
12760	53
12772	50
12784	46
12796	43
12808	43
12820	42
12832	43
12844	43
12856	43
12868	42
12880	42
12892	42
12904	43
12923	43
12935	43
12947	43
12959	42
12971	43
12983	43
12995	43
13007	45
13019	48
13031	50
13043	52
13055	54
13067	55
13079	56
13091	55
13103	55
13115	54
13127	54
13139	53
13151	52
13163	48
13175	45
13187	43
13199	42
13211	43
13223	43
13242	42
13254	43
13266	42
13278	42
13290	42
13302	42
13314	42
13326	42
13338	43
13350	43
13362	46
13374	47
13386	50
13398	53
13410	54
13422	55
13434	54
13446	54
13458	54
13470	53
13482	52
13494	49
13506	46
13518	43
13530	42
13550	42
13562	42
13574	43
13586	43
13598	42
13610	42
13622	43
13634	43
13646	42
13658	42
13670	42
13682	43
13694	44
13706	48
13718	51
13730	54
13742	55
13754	55
13766	56
13778	56
13790	55
13802	55
13814	55
13826	55
13838	53
13850	51
13869	43
13881	42
13893	42
13905	42
13917	43
13929	43
13941	42
13953	42
13965	42
13977	43
13989	43
14001	43
14013	42
14025	42
14037	43
14049	44
14061	47
14073	51
14085	53
14097	55
14109	55
14121	56
14133	56
14145	55
14157	55
14177	53
14189	51
14201	47
14213	44
14225	43
14237	42
14249	42
14261	43
14273	43
14285	42
14297	42
14309	42
14321	42
14333	43
14345	42
14357	42
14369	42
14381	42
14393	43
14405	44
14417	46
14429	49
14441	51
14453	52
14465	54
14477	54
14496	54
14508	53
14520	51
14532	49
14544	46
14556	43
14568	42
14580	42
14592	42
14604	42
14616	42
14628	42
14640	42
14652	42
14664	42
14676	42
14688	42
14700	42
14712	42
14724	42
14736	42
14748	42
14760	43
14772	44
14784	45
14796	48
14815	52
14827	53
14839	55
14851	55
14863	55
14875	55
14887	55
14899	55
14911	54
14923	52
14935	49
14947	45
14959	42
14971	42
14983	42
14995	42
15007	42
15019	42
15031	42
15045	42
15057	42
15069	42
15081	42
15093	42
15105	42
15125	43
15137	43
15149	45
15161	47
15173	49
15185	51
15197	53
15209	54
15221	55
15233	54
15245	54
15257	53
15269	52
15281	51
15293	48
15305	45
15317	43
15329	42
15341	42
15353	42
15365	42
15377	42
15389	42
15401	43
15413	42
15425	42
15444	42
15456	42
15468	42
15480	43
15492	43
15504	43
15516	44
15528	46
15540	49
15552	51
15564	53
15576	54
15588	55
15600	54
15612	54
15624	53
15636	52
15648	51
15660	47
15672	44
15684	43
15696	43
15708	43
15720	43
15732	43
15752	42
15764	42
15776	42
15788	43
15800	43
15812	42
15824	42
15836	42
15848	42
15860	42
15872	42
15884	42
15896	43
15908	44
15920	43
15932	44
15944	46
15956	49
15968	51
15980	52
15992	54
16004	55
16016	55
16028	53
16040	51
16052	50
16071	46
16083	43
16095	42
16107	42
16119	42
16131	42
16143	42
16155	42
16167	42
16179	41
16191	42
16203	42
16215	41
16227	42
16239	41
16251	41
16263	42
16275	41
16287	42
16299	43
16311	44
16323	47
16335	50
16347	52
16359	53
16371	55
16390	55
16402	55
16414	54
16426	53
16438	52
16450	51
16462	47
16474	44
16486	42
16498	42
16510	43
16522	41
16534	42
16546	42
16558	41
16570	42
16582	41
16594	42
16606	42
16618	41
16630	42
16642	42
16654	43
16666	42
16678	41
16698	44
16710	45
16722	48
16734	51
16746	53
16758	55
16770	55
16782	56
16794	56
16806	55
16818	55
16830	54
16842	54
16854	53
16866	50
16878	47
16890	43
16902	42
16914	42
16926	42
16938	42
16950	43
16962	42
16974	42
16986	43
16998	43
17017	42
17029	42
17041	42
17053	42
17065	42
17077	42
17089	43
17101	42
17113	42
17125	45
17137	48
17149	51
17161	53
17173	54
17185	55
17197	56
17209	55
17221	55
17233	55
17245	55
17257	55
17269	54
17281	52
17293	48
17305	45
17325	42
17337	42
17349	42
17361	42
17373	42
17385	42
17397	42
17409	42
17421	42
17433	42
17445	42
17457	42
17469	42
17481	42
17493	43
17505	45
17517	47
17529	50
17541	52
17553	54
17565	55
17577	55
17589	55
17601	55
17613	55
17625	55
17644	53
17656	51
17668	47
17680	44
17692	42
17704	42
17716	42
17728	43
17740	43
17752	42
17764	42
17776	42
17788	42
17800	42
17812	43
17824	42
17836	42
17848	43
17860	42
17872	44
17884	45
17896	48
17908	51
17920	54
17932	55
17944	56
17963	56
17975	56
17987	56
17999	56
18011	55
18023	54
18035	52
18047	48
18059	45
18071	43
18083	42
18095	43
18107	42
18119	42
18131	42
18143	42
18155	42
18167	43
18179	42
18191	43
18203	43
18215	44
18227	46
18239	49
18251	52
18271	54
18283	55
18295	55
18307	55
18319	54
18331	53
18343	52
18355	51
18367	48
18379	44
18391	42
18403	42
18415	42
18427	43
18439	43
18451	42
18463	42
18475	42
18487	42
18499	42
18511	42
18523	43
18535	42
18547	42
18559	43
18571	43
18590	46
18602	49
18614	52
18626	54
18638	55
18650	56
18662	55
18674	55
18686	55
18698	55
18710	54
18722	53
18734	50
18746	47
18758	43
18770	42
18782	42
18794	42
18806	42
18818	43
18830	42
18842	42
18854	43
18868	42
18880	42
18900	42
18912	42
18924	43
18936	45
18948	48
18960	51
18972	53
18984	54
18996	55
19008	55
19020	55
19032	55
19044	55
19056	55
19068	55
19080	54
19092	54
19104	52
19116	50
19128	48
19140	45
19152	43
19164	42
19176	42
19188	43
19200	43
19219	42
19231	42
19243	43
19255	42
19267	43
19279	43
19291	46
19303	48
19315	51
19327	53
19339	55
19351	55
19363	55
19375	55
19387	55
19399	55
19411	55
19423	54
19435	52
19447	49
19459	46
19471	43
19483	43
19495	43
19507	43
19519	43
19538	43
19550	43
19562	42
19574	43
19586	42
19598	42
19610	43
19622	44
19634	48
19646	51
19658	53
19670	54
19682	55
19694	56
19706	55
19718	55
19730	55
19742	55
19754	54
19766	53
19778	52
19790	49
19802	46
19814	44
19826	43
19846	42
19858	43
19870	42
19882	43
19894	43
19906	42
19918	42
19930	43
19942	43
19954	44
19966	45
19978	48
19990	51
20002	53
20014	54
20026	55
20038	55
20050	55
20062	54
20074	54
20086	55
20098	54
20110	53
20122	52
20134	49
20146	46
20165	42
20177	42
20189	42
20201	42
20213	43
20225	43
20237	42
20249	42
20261	42
20273	42
20285	43
20297	42
20309	42
20321	42
20333	43
20345	45
20357	49
20369	52
20381	54
20393	55
20405	55
20417	55
20429	55
20441	55
20453	55
20473	55
20485	55
20497	54
20509	53
20521	52
20533	51
20545	49
20557	47
20569	44
20581	43
20593	43
20605	42
20617	42
20629	43
20641	42
20653	42
20665	42
20677	42
20689	43
20701	42
20713	42
20725	43
20737	44
20749	46
20761	49
20773	52
20792	55
20804	55
20816	55
20828	55
20840	55
20852	55
20864	55
20876	55
20888	54
20900	53
20912	51
20924	49
20936	46
20948	44
20960	43
20972	42
20984	42
20996	43
21008	42
21020	42
21032	42
21044	42
21056	43
21068	42
21080	43
21092	42
21111	45
21123	49
21135	52
21147	54
21159	55
21171	56
21183	56
21195	56
21207	55
21219	55
21231	55
21243	55
21255	55
21267	55
21279	54
21291	53
21303	51
21315	49
21327	46
21339	44
21351	43
21363	43
21375	42
21387	43
21399	43
21419	42
21431	42
21443	42
21455	43
21467	42
21479	42
21491	43
21503	44
21515	45
21527	49
21539	51
21551	54
21563	55
21575	55
21587	56
21599	55
21611	55
21623	55
21635	55
21647	55
21659	54
21671	53
21683	50
21695	46
21707	43
21719	42
21738	42
21750	43
21762	42
21774	43
21786	42
21798	42
21810	42
21822	42
21834	42
21846	42
21858	42
21870	43
21882	43
21894	45
21906	47
21918	50
21930	52
21942	54
21954	55
21966	55
21978	55
21990	55
22002	55
22014	54
22026	53
22046	49
22058	46
22070	44
22082	42
22094	42
22106	42
22118	42
22130	42
22142	42
22154	42
22166	41
22178	42
22190	42
22202	42
22214	42
22226	42
22238	42
22250	43
22262	45
22274	47
22286	50
22298	52
22310	53
22322	54
22334	55
22346	55
22365	55
22377	54
22389	52
22401	50
22413	47
22425	44
22437	42
22449	42
22461	42
22473	42
22485	42
22497	42
22509	42
22521	42
22533	42
22545	41
22557	43
22569	43
22581	43
22593	42
22605	44
22617	45
22629	48
22641	51
22653	54
22665	55
22684	56
22698	56
22710	56
22722	56
22734	56
22746	55
22758	54
22770	52
22782	48
22794	45
22806	43
22818	43
22830	41
22842	42
22854	43
22866	43
22878	42
22890	43
22902	41
22914	43
22926	43
22938	42
22950	43
22962	45
22974	47
22994	52
23006	54
23018	55
23030	56
23042	56
23054	55
23066	55
23078	54
23090	54
23102	52
23114	49
23126	46
23138	43
23150	42
23162	43
23174	42
23186	42
23198	43
23210	42
23222	42
23234	42
23246	42
23258	42
23270	42
23282	42
23294	43
23313	42
23325	43
23337	43
23349	45
23361	48
23373	51
23385	53
23397	54
23409	55
23421	55
23433	55
23445	55
23457	55
23469	54
23481	53
23493	51
23505	46
23517	43
23529	42
23541	42
23553	42
23565	42
23577	41
23589	42
23601	42
23621	42
23633	41
23645	42
23657	42
23669	42
23681	42
23693	42
23705	43
23717	45
23729	47
23741	50
23753	53
23765	55
23777	56
23789	56
23801	56
23813	55
23825	55
23837	55
23849	55
23861	54
23873	53
23885	51
23897	48
23909	45
23921	43
23940	42
23952	43
23964	43
23976	43
23988	42
24000	43
24012	43
24024	43
24036	42
24048	42
24060	44
24072	47
24084	50
24096	52
24108	55
24120	56
24132	56
24144	56
24156	55
24168	55
24180	55
24192	55
24204	53
24216	51
24228	47
24240	43
24259	42
24271	43
24283	43
24295	43
24307	43
24319	43
24331	43
24343	43
24355	43
24367	43
24379	43
24391	43
24403	46
24415	48
24427	50
24439	52
24451	54
24463	55
24475	55
24487	55
24499	55
24511	54
24523	53
24535	51
24547	48
24567	42
24579	43
24591	43
24603	43
24615	43
24627	42
24639	39
24651	39
24663	41
24675	42
24687	43
24699	42
24711	43
24723	42
24735	45
24747	48
24759	51
24771	54
24783	55
24795	55
24807	55
24819	55
24831	55
24843	55
24855	54
24867	54
24886	53
24898	52
24910	50
24922	48
24934	45
24946	43
24958	42
24970	43
24982	42
24994	42
25006	42
25018	43
25030	42
25042	42
25054	42
25066	42
25078	42
25090	43
25102	44
25114	47
25126	49
25138	51
25150	53
25162	54
25174	54
25194	54
25206	54
25218	54
25230	53
25242	52
25254	51
25266	50
25278	47
25290	45
25302	43
25314	41
25326	41
25338	42
25350	43
25362	42
25374	42
25386	42
25398	42
25410	42
25422	42
25434	44
25446	46
25458	49
25470	51
25482	53
25494	54
25513	54
25525	54
25537	54
25549	54
25561	53
25573	52
25585	49
25597	46
25609	43
25621	42
25633	42
25645	42
25657	43
25669	43
25681	41
25693	42
25705	42
25717	43
25729	42
25741	42
25753	43
25765	43
25777	46
25789	48
25801	50
25813	52
25832	54
25844	54
25856	54
25868	53
25880	53
25892	52
25904	50
25916	47
25928	44
25940	43
25952	42
25964	42
25976	42
25988	43
26000	41
26012	42
26024	43
26036	42
26048	42
26060	42
26072	43
26084	44
26096	45
26108	49
26120	52
26140	54
26152	55
26164	55
26176	56
26188	55
26200	55
26212	55
26224	54
26236	54
26248	52
26260	50
26272	47
26284	44
26296	43
26308	43
26320	43
26332	42
26344	43
26356	42
26368	41
26380	42
26392	43
26404	42
26416	43
26428	43
26440	44
26459	47
26471	49
26483	52
26495	53
26507	54
26521	54
26533	54
26545	54
26557	53
26569	52
26581	51
26593	48
26605	45
26617	44
26629	43
26641	42
26653	42
26665	41
26677	42
26689	42
26701	42
26713	42
26725	42
26737	42
26749	41
26769	42
26781	44
26793	45
26805	46
26817	48
26829	50
26841	51
26853	52
26865	53
26877	53
26889	52
26901	51
26913	49
26925	46
26937	43
26949	42
26961	42
26973	42
26985	42
26997	43
27009	42
27021	41
27033	42
27045	42
27057	42
27069	42
27088	43
27100	44
27112	45
27124	47
27136	50
27148	52
27160	54
27172	55
27184	55
27196	55
27208	55
27220	55
27232	54
27244	53
27256	51
27268	47
27280	44
