sample	value
0	505
1	507
2	507
3	506
4	506
5	506
6	507
7	507
8	507
9	506
10	507
11	506
12	506
13	506
14	506
15	506
16	506
17	507
18	507
19	508
20	508
21	508
22	508
23	508
24	508
25	508
26	508
27	507
28	507
29	508
30	508
31	508
32	509
33	509
34	509
35	510
36	510
37	510
38	510
39	510
40	511
41	510
42	510
43	509
44	510
45	510
46	510
47	510
48	509
49	510
50	510
51	510
52	509
53	509
54	509
55	509
56	510
57	509
58	509
59	509
60	509
61	509
62	510
63	510
64	510
65	510
66	509
67	510
68	510
69	510
70	510
71	510
72	510
73	510
74	510
75	510
76	510
77	509
78	509
79	509
80	508
81	508
82	507
83	506
84	505
85	504
86	503
87	501
88	499
89	498
90	495
91	493
92	489
93	486
94	482
95	479
96	475
97	471
98	468
99	465
100	463
101	462
102	461
103	463
104	466
105	469
106	475
107	480
108	485
109	494
110	499
111	502
112	506
113	507
114	508
115	510
116	510
117	510
118	510
119	510
120	510
121	510
122	511
123	510
124	511
125	511
126	511
127	510
128	511
129	511
130	511
131	511
132	511
133	511
134	511
135	511
136	511
137	510
138	510
139	511
140	511
141	511
142	511
143	511
144	511
145	511
146	511
147	512
148	512
149	511
150	512
151	512
152	512
153	512
154	512
155	512
156	512
157	513
158	513
159	513
160	513
161	513
162	513
163	513
164	513
165	513
166	513
167	513
168	513
169	513
170	514
171	514
172	515
173	514
174	514
175	514
176	514
177	514
178	514
179	514
180	514
181	513
182	514
183	513
184	513
185	513
186	514
187	513
