sample	value
0	540
1	541
2	540
3	540
4	541
5	540
6	541
7	540
8	539
9	540
10	538
11	538
12	538
13	538
14	539
15	539
16	539
17	540
18	540
19	541
20	541
21	542
22	542
23	542
24	542
25	542
26	542
27	542
28	542
29	543
30	543
31	543
32	543
33	543
34	543
35	543
36	543
37	543
38	543
39	543
40	544
41	543
42	544
43	544
44	544
45	543
46	543
47	544
48	544
49	544
50	544
51	544
52	544
53	544
54	544
55	544
56	544
57	544
58	544
59	544
60	544
61	544
62	544
63	545
64	544
65	545
66	545
67	545
68	545
69	545
70	545
71	545
72	545
73	545
74	545
75	545
76	545
77	545
78	545
79	545
80	545
81	545
82	544
83	545
84	544
85	544
86	544
87	544
88	544
89	544
90	543
91	543
92	544
93	543
94	543
95	543
96	543
97	542
98	541
99	540
100	539
101	538
102	536
103	534
104	532
105	529
106	526
107	524
108	520
109	516
110	513
111	514
112	515
113	516
114	519
115	523
116	528
117	534
118	543
119	548
120	557
121	564
122	571
123	576
124	583
125	587
126	590
127	593
128	595
129	596
130	597
131	597
132	598
133	598
134	598
135	598
136	598
137	598
138	598
139	598
140	598
141	599
142	599
143	598
144	598
145	598
146	598
147	599
148	599
149	598
150	598
151	598
152	599
153	599
154	599
155	599
156	598
157	599
158	599
159	599
160	599
161	599
162	599
163	599
164	599
165	600
166	599
167	599
168	599
169	599
170	599
171	599
172	599
173	600
174	600
175	600
176	600
177	599
178	600
179	600
180	600
181	600
182	600
183	600
184	601
185	601
186	601
187	601
