sample	value
0	617
1	619
2	619
3	619
4	618
5	619
6	619
7	620
8	620
9	620
10	620
11	619
12	619
13	619
14	619
15	619
16	619
17	619
18	619
19	620
20	620
21	620
22	620
23	620
24	620
25	620
26	620
27	620
28	621
29	620
30	621
31	621
32	621
33	621
34	621
35	621
36	621
37	621
38	621
39	621
40	621
41	621
42	621
43	622
44	622
45	621
46	622
47	621
48	621
49	620
50	620
51	620
52	619
53	619
54	618
55	617
56	616
57	615
58	613
59	611
60	609
61	608
62	606
63	604
64	603
65	600
66	599
67	599
68	598
69	598
70	599
71	599
72	601
73	603
74	605
75	607
76	610
77	612
78	615
79	616
80	618
81	620
82	621
83	622
84	623
85	623
86	623
87	624
88	624
89	624
90	624
91	624
92	625
93	624
94	625
95	624
96	624
97	625
98	624
99	625
100	625
101	625
102	625
103	625
104	625
105	625
106	625
107	625
108	626
109	625
110	626
111	626
112	626
113	626
114	627
115	627
116	627
117	627
118	627
119	627
120	628
121	628
122	629
123	629
124	629
125	629
126	629
127	629
128	629
129	629
130	629
131	629
132	628
133	628
134	628
135	628
136	628
137	628
138	628
139	628
140	628
141	628
142	628
143	628
144	628
145	628
146	628
147	628
148	628
149	628
150	627
151	627
152	627
153	627
154	627
155	627
156	627
157	628
158	627
159	627
160	627
161	627
162	627
163	627
164	627
165	627
166	627
167	628
168	628
169	628
170	628
171	628
172	628
173	628
174	628
175	628
176	628
177	628
178	628
179	627
180	627
181	627
182	626
183	626
184	624
185	623
186	622
187	620
