0	575
1	576
2	577
3	577
4	577
5	577
6	577
7	577
8	577
9	577
10	577
11	577
12	576
13	576
14	576
15	576
16	576
17	577
18	576
19	576
20	576
21	576
22	576
23	575
24	576
25	576
26	575
27	576
28	577
29	576
30	576
31	577
32	577
33	576
34	576
35	576
36	576
37	576
38	576
39	577
40	577
41	577
42	577
43	576
44	577
45	577
46	576
47	576
48	576
49	576
50	577
51	577
52	577
53	577
54	577
55	577
56	577
57	577
58	577
59	577
60	577
61	577
62	577
63	577
64	576
65	577
66	577
67	577
68	577
69	577
70	577
71	577
72	577
73	577
74	577
75	577
76	577
77	577
78	577
79	577
80	577
81	577
82	577
83	577
84	577
85	577
86	576
87	576
88	576
89	576
90	576
91	576
92	576
93	576
94	575
95	575
96	574
97	574
98	574
99	574
100	573
101	573
102	572
103	571
104	571
105	570
106	568
107	568
108	567
109	564
110	560
111	559
112	557
113	555
114	553
115	551
116	549
117	547
118	546
119	545
120	543
121	543
122	542
123	542
124	543
125	544
126	546
127	547
128	551
129	555
130	560
131	565
132	571
133	575
134	581
135	585
136	588
137	591
138	598
139	602
140	609
141	614
142	623
143	625
144	628
145	630
146	632
147	635
148	636
149	639
150	640
151	641
152	642
153	643
154	643
155	643
156	643
157	643
158	643
159	644
160	644
161	644
162	644
163	643
164	644
165	644
166	644
167	644
168	644
169	643
170	644
171	644
172	645
173	644
174	644
175	644
176	644
177	644
178	644
179	644
180	645
181	644
182	644
183	644
184	643
185	644
186	645
187	645
188	644
189	645
190	645
191	645
192	645
193	645
194	645
195	645
196	645
197	646
198	646
199	646
200	646
201	646
202	646
203	645
204	646
205	646
206	647
207	646
208	646
209	646
210	646
211	646
212	646
213	647
214	646
215	646
216	646
217	646
218	646
219	646
220	645
221	646
222	646
223	646
224	646
225	646
226	646
227	646
228	646
229	646
230	646
231	646
232	647
233	647
234	646
235	646
236	647
237	646
238	646
239	646
240	646
241	646
242	647
243	646
244	646
245	647
246	647
247	646
248	647
249	647
250	647
251	646
252	646
253	645
254	646
255	647
256	647
257	646
258	647
259	646
260	647
261	646
262	647
263	646
264	646
265	646
266	647
267	646
268	647
269	646
270	646
271	646
272	645
273	646
274	644
275	645
276	645
277	646
278	646
279	646
280	647
281	646
282	646
283	646
284	646
285	646
286	646
287	646
288	646
289	646
290	646
291	646
292	645
293	646
294	646
295	646
296	645
297	645
298	645
299	646
300	645
301	645
302	646
303	646
304	646
305	645
306	646
307	646
308	645
309	645
310	645
311	645
312	645
313	645
314	646
315	646
316	645
317	646
318	646
319	646
320	646
321	645
322	645
323	646
324	645
325	645
326	644
327	645
328	645
329	645
330	645
331	645
332	645
333	645
334	645
335	645
336	645
337	645
338	645
339	645
340	645
341	645
342	645
343	645
344	645
345	645
346	645
347	644
348	645
349	645
350	645
351	645
352	644
353	644
354	645
355	644
356	644
357	644
358	644
359	643
360	644
361	644
362	643
363	643
364	642
365	642
366	642
367	641
368	641
369	641
370	640
371	640
372	639
373	638
374	638
375	637
376	635
377	635
378	632
379	631
380	630
381	628
382	625
383	622
384	618
385	616
386	611
387	608
388	605
389	602
390	597
391	593
392	589
393	585
394	583
395	580
396	576
397	574
398	569
399	569
400	569
401	569
402	571
403	573
404	575
405	578
406	582
407	584
408	589
409	592
410	596
411	599
412	605
413	609
414	614
415	617
416	620
417	622
418	626
419	628
420	632
421	634
422	636
423	637
424	640
425	640
426	642
427	643
428	644
429	644
430	646
431	646
432	646
433	646
434	646
435	646
436	647
437	646
438	646
439	646
440	646
441	645
442	646
443	646
444	646
445	646
446	646
447	646
448	646
449	646
450	646
451	646
452	646
453	645
454	646
455	645
456	645
457	646
458	646
459	646
460	646
461	646
462	645
463	646
464	646
465	645
466	644
467	645
468	645
469	645
470	644
471	645
472	644
473	644
474	644
475	644
476	645
477	645
478	644
479	644
480	644
481	644
482	644
483	644
484	644
485	644
486	644
487	644
488	644
489	644
490	643
491	644
492	644
493	644
494	644
495	644
496	644
497	643
498	643
499	643
500	643
501	643
502	643
503	643
504	643
505	643
506	643
507	642
508	643
509	643
510	642
511	642
512	642
513	642
514	642
515	643
516	642
517	643
518	642
519	642
520	642
521	642
522	642
523	642
524	642
525	642
526	641
527	641
528	642
529	641
530	641
531	641
532	642
533	641
534	641
535	641
536	641
537	641
538	641
539	640
540	640
541	640
542	640
543	641
544	640
545	640
546	641
547	641
548	640
549	640
550	640
551	640
552	640
553	640
554	640
555	640
556	640
557	640
558	640
559	640
560	639
561	639
562	639
563	638
564	637
565	638
566	638
567	637
568	637
569	637
570	637
571	636
572	636
573	636
574	635
575	634
576	635
577	635
578	634
579	634
580	633
581	633
582	632
583	633
584	632
585	632
586	631
587	631
588	631
589	631
590	630
591	630
592	630
593	630
594	629
595	629
596	629
597	628
598	628
599	628
600	628
601	628
602	627
603	627
604	627
605	627
606	627
607	626
608	626
609	626
610	626
611	626
612	626
613	626
614	625
615	625
616	626
617	626
618	625
619	625
620	625
621	625
622	624
623	624
624	624
625	624
626	624
627	624
628	623
629	623
630	623
631	623
632	623
633	623
634	622
635	623
636	622
637	622
638	621
639	621
640	620
641	619
642	620
643	619
644	619
645	618
646	619
647	617
648	616
649	616
650	614
651	613
652	611
653	610
654	607
655	606
656	604
657	603
658	599
659	597
660	592
661	588
662	582
663	579
664	576
665	574
666	569
667	566
668	560
669	556
670	553
671	549
672	543
673	539
674	534
675	531
676	528
677	526
678	522
679	520
680	518
681	517
682	517
683	517
684	519
685	520
686	522
687	524
688	527
689	529
690	531
691	532
692	535
693	538
694	542
695	544
696	546
697	546
698	547
699	548
700	549
701	550
702	551
703	552
704	554
705	555
706	558
707	560
708	560
709	560
710	560
711	561
712	562
713	563
714	563
715	564
716	565
717	566
718	567
719	567
720	566
721	567
722	567
723	567
724	567
725	567
726	567
727	567
728	568
729	567
730	568
731	568
732	569
733	568
734	568
735	568
736	568
737	568
738	569
739	569
740	569
741	569
742	569
743	568
744	568
745	567
746	567
747	567
748	567
749	567
750	566
751	566
752	565
753	565
754	564
755	564
756	564
757	563
758	563
759	562
760	562
761	561
762	561
763	560
764	559
765	559
766	560
767	559
768	558
769	558
770	558
771	558
772	558
773	558
774	559
775	560
776	561
777	561
778	562
779	562
780	564
781	565
782	572
783	574
784	576
785	576
786	578
787	579
788	580
789	580
790	580
791	579
792	580
793	579
794	578
795	578
796	578
